-1.461688770748388599e-02 -2.973219669126755949e-02 3.560479536835700967e-03 5.544742286313408819e-01 5.191851213489188099e-01 3.159796930259999859e-01 1.282571165092766426e-02 6.151440079662689797e+00 4.552193061038918663e-08 7.150198806343879276e-01 1.300000000000000000e+01 7.421151073460966927e+02
-5.580864016864467425e-02 -4.776627134766045502e-02 -1.299633675005388428e-02 4.914251041510667162e-01 5.341519574576765184e-01 3.767604426450000266e-01 3.907037076897296873e-02 5.344879713667692656e+00 3.882877192423113263e-08 1.129527476605040048e+00 1.300000000000000000e+01 7.517704541103857991e+02
3.363447078365318019e-03 1.164805411901612131e-02 4.023188469571203907e-02 4.757793271748039787e-01 5.041943282949989946e-01 2.874217376629999987e-01 1.159270119217406872e-02 5.489811958538071579e+00 6.643166667265157610e-08 1.182147331873391050e+00 1.300000000000000000e+01 7.019091131358100029e+02
7.413275184446126154e-02 3.177975927278166562e-03 5.271595661258365872e-02 4.997931339237788873e-01 5.146024621839649926e-01 4.016461444369999745e-01 9.536773189377560633e-03 6.104523824747321470e+00 5.520153187519029405e-08 1.333065500427022432e+00 1.300000000000000000e+01 7.369806027288954056e+02
2.694974446151911576e-02 4.559895238974155662e-02 -2.947344830324168455e-02 5.252720927982066357e-01 5.290967860251603039e-01 2.974342089359999775e-01 5.121849974119208407e-03 2.108023301108799874e+00 1.830661510521176839e-08 1.316243211962980997e+00 1.300000000000000000e+01 7.011427768148166706e+02
5.884995100391315209e-02 3.737619723660830229e-02 2.287581575347457513e-02 4.998657926890647252e-01 5.102084527432786398e-01 2.982840661480000155e-01 8.851840552461834669e-03 4.606394079059504598e+00 3.807127842351394562e-08 8.087464346372602586e-01 1.300000000000000000e+01 6.978978074882583087e+02
7.185069757741352828e-03 6.043113926644377160e-02 -1.084570684928874845e-01 4.874361978805076823e-01 4.846456637675428114e-01 1.000000000000000000e+00 1.421048292057718321e+00 4.911496584606904747e+00 6.628792208567706432e-08 7.957316786640123984e-01 1.300000000000000000e+01 7.387650656935414872e+02
1.141793228292535822e-01 -7.641421567873152298e-02 -4.824520573724563888e-02 5.110633469327907630e-01 4.923859784393183614e-01 4.082184830150000221e-01 4.154793048033526143e-02 3.315125962101354684e+00 6.937720015435233642e-08 8.268590217871104597e-01 1.300000000000000000e+01 5.478475991025862868e+02
1.674877470743815419e-02 -6.922917073113002417e-02 -4.624968314300054173e-02 5.150337430289492202e-01 4.728748925059849118e-01 2.867875874090000110e-01 1.309043278790630177e-02 6.047267807644978177e+00 5.503939899394952340e-08 1.044120175329860345e+00 1.300000000000000000e+01 7.234512642905382336e+02
-6.756251094204950014e-02 -8.159235176323577365e-02 1.918805436785420149e-02 5.153819521432472239e-01 4.897839957511710418e-01 3.502964820019999759e-01 5.134983642669280895e-02 5.290668071508896730e+00 4.609757429951909229e-08 1.468954201651909930e+00 1.300000000000000000e+01 7.501105317252444138e+02
-5.876527361599293009e-02 3.352429132902762232e-03 3.130560588136049871e-02 4.744974321659732319e-01 5.207770976992813772e-01 2.882433578260000240e-01 2.382983930088240429e-02 5.665986444448529724e+00 5.257039493181360001e-08 9.277612086190151208e-01 1.300000000000000000e+01 7.689129536825271316e+02
2.928273295736048831e-02 6.239939245386957878e-02 9.866048524867016001e-02 5.089972619384999231e-01 5.059711849212323864e-01 2.872952095970000008e-01 2.721364825904624279e-02 5.077978938550579358e+00 1.065942309398327871e-07 1.011537112344991218e+00 1.300000000000000000e+01 7.219721873841015167e+02
7.063208457217221015e-02 -2.099397647229600560e-04 6.082164646907550071e-02 4.815054656000087308e-01 5.023932168363998141e-01 4.289516967700000016e-01 2.305475902683606568e-02 5.351803366680631058e+00 4.251960060564998899e-08 1.341727343147198770e+00 1.300000000000000000e+01 7.381883121043463234e+02
-1.587117357056638811e-02 7.074949203537704567e-03 2.729217288615592638e-02 5.243979284323019296e-01 4.911716104570442720e-01 3.494207985760000024e-01 1.117568092029607232e-02 7.903202549941420685e+00 5.504217549266043188e-08 1.526016664877485329e+00 1.300000000000000000e+01 8.377800639289050650e+02
-1.154759292201536051e-02 5.056170314699198060e-02 -3.951315814462683096e-02 5.023431132608578986e-01 5.212858663210223620e-01 2.875718765029999791e-01 9.378061138419255260e-03 5.304781614408144108e+00 7.789294372619559735e-08 8.830712033497468694e-01 1.300000000000000000e+01 6.894978154225450453e+02
3.268617239016999992e-02 -5.014830809339033968e-02 -5.350931765784277400e-02 4.899247075342295088e-01 5.393312889743312466e-01 3.172730625410000171e-01 7.931726538165297102e-03 6.149260122775451975e+00 7.465585012038016574e-08 1.176372292207787051e+00 1.300000000000000000e+01 7.412153803592303802e+02
3.910827731401037011e-02 8.789106572223517357e-04 4.261935229876145925e-02 4.952217517229736132e-01 5.167353480634163665e-01 3.112188732039999906e-01 9.964647893457750580e-03 5.538293986793872747e+00 6.107970976835493361e-08 1.330466833083967737e+00 1.300000000000000000e+01 7.353985094768160025e+02
2.521418602317008345e-02 -3.395015776080109737e-02 3.046442576260958990e-03 4.739158110650281142e-01 4.996827847295244873e-01 3.186762637450000213e-01 8.118110479564445009e-03 6.223903117307742150e+00 5.278968159122987642e-08 1.140530555677547575e+00 1.300000000000000000e+01 7.716385568633363619e+02
4.017078427612524871e-02 4.577880421320799920e-02 9.706329213274512979e-02 5.055075425293574787e-01 5.090083170780838051e-01 3.672800283720000225e-01 7.203684949110106608e-03 7.324949828845810806e+00 2.218563068209758545e-08 1.620269945078228968e+00 1.300000000000000000e+01 7.635943769293490959e+02
-4.148158725241012784e-02 7.070889861025218825e-02 -6.177401231260268993e-02 4.758636509062856290e-01 5.103343602577357085e-01 3.808729635129999846e-01 8.046411591334902760e-03 8.939546706400001597e+00 4.399077541505629967e-08 1.158478363993448168e+00 1.300000000000000000e+01 8.337144586233714563e+02
