5.421568899486151234e-03 -2.656204615203786035e-02 4.734898722329840548e-01 4.534042373530912662e-01 2.849328142229999861e-01 7.841021323383244590e-02 1.385138901695611491e+00 7.099984027270105542e-08 5.564877469773011676e+00 3.000000000000000000e+00 2.776336015757810749e+00
8.078254807183743447e-03 3.991500150072052611e-02 4.941976937130580505e-01 4.930180832091293763e-01 2.880055399359999768e-01 7.860313725896710124e-02 1.922406976008846247e+00 6.222172489375302570e-08 5.564877469773011676e+00 3.000000000000000000e+00 2.868387758270067422e+00
5.636255912424641829e-02 9.632694924154059507e-03 5.363632341293701478e-01 5.105965692282884438e-01 2.851716505090000076e-01 6.670360827993560005e-02 1.369958418410546219e+00 6.293044600269544240e-08 5.564877469773011676e+00 3.000000000000000000e+00 2.855587845074517794e+00
3.831725637681895891e-02 -5.066599991074536430e-02 4.881325119404986701e-01 5.317874656209082840e-01 2.822905303900000162e-01 6.048686971360404951e-02 1.969313726703961098e+00 6.284446405577799883e-08 5.564877469773011676e+00 3.000000000000000000e+00 2.877824908034082974e+00
2.738399451459127068e-02 4.106113266261471328e-02 5.169954908739351485e-01 5.269142805283004716e-01 2.877712814569999833e-01 8.496439560598045837e-02 2.105173648653900553e+00 5.562876668753355911e-08 5.564877469773011676e+00 3.000000000000000000e+00 3.003893255911584070e+00
1.786081531205271564e-02 -3.798499703727101912e-02 4.985117584412305791e-01 4.933668605800981544e-01 2.812426085890000205e-01 5.462928730218988976e-02 1.896886770420313395e+00 6.409337151335977544e-08 5.564877469773011676e+00 3.000000000000000000e+00 2.864544996075132133e+00
-9.023090403163419593e-02 -9.224776908972139380e-03 4.731470925665618443e-01 4.888258587295461477e-01 3.069281574489999831e-01 8.732241961519472684e-02 1.923494333905675369e+00 6.674831849412736224e-08 5.564877469773011676e+00 3.000000000000000000e+00 2.787839892180684842e+00
-2.575069142796818783e-02 -4.029155328441874628e-02 4.965071066145242407e-01 5.076233814331788663e-01 2.991278924529999772e-01 7.637015320996172474e-02 1.951636824428554906e+00 6.347837498909412470e-08 5.564877469773011676e+00 3.000000000000000000e+00 2.836705632216466988e+00
5.417034266042111690e-02 -7.818706095211055973e-02 4.925415525692562468e-01 4.874752766898233780e-01 2.819888316529999828e-01 5.883306307810452773e-02 1.857216774002420578e+00 6.395081220254733022e-08 5.564877469773011676e+00 3.000000000000000000e+00 2.861369040128527885e+00
-1.864277159366471747e-03 2.794623263332516455e-02 5.328588034254081451e-01 4.872935240027432835e-01 5.139615241720000283e-01 2.912605867973900864e-01 1.406188668883129100e+00 4.141232283770511331e-08 5.564877469773011676e+00 3.000000000000000000e+00 2.612515978897964608e+00
-6.186449501701479781e-02 -5.614955640065286829e-02 4.713809994913996659e-01 4.970885036307891580e-01 3.077191102319999927e-01 6.136140248256521934e-02 1.965167714365633200e+00 6.080357515237299501e-08 5.564877469773011676e+00 3.000000000000000000e+00 2.845675487413379834e+00
1.076904761451180463e-02 7.153762259926355060e-02 4.871048631354671921e-01 5.203925042367880671e-01 2.861343804570000149e-01 5.319428207420561633e-02 1.887495622654994598e+00 6.258659382521033037e-08 5.564877469773011676e+00 3.000000000000000000e+00 2.867235687671087163e+00
-4.035039351320506007e-02 8.340929701458477119e-02 5.060879611291458913e-01 4.946539658162207864e-01 2.874663223350000241e-01 6.428760263291978527e-02 1.454295001509426033e+00 6.286249972348094393e-08 5.564877469773011676e+00 3.000000000000000000e+00 2.851296840482178574e+00
8.631179805419804396e-02 -1.915868869272141506e-02 4.957775891854698802e-01 4.668036599736159475e-01 4.192323860709999961e-01 2.696981243832129449e-01 1.344068909094623843e+00 3.469818585880405178e-08 5.564877469773011676e+00 3.000000000000000000e+00 2.839023149656657807e+00
-1.960300582061570013e-02 6.582951628848499048e-02 5.159136117973867064e-01 4.995462067794427807e-01 2.724891991319999818e-01 8.322559052812859848e-02 1.366594954845810506e+00 7.081873605135193056e-08 5.564877469773011676e+00 3.000000000000000000e+00 2.800558780106643830e+00
1.929391144539349809e-04 -2.298070407634006732e-02 5.043940425813587813e-01 4.854905221095239809e-01 2.876373714109999868e-01 9.841508676842328218e-02 1.368011140361972355e+00 8.148431945200664788e-08 5.564877469773011676e+00 3.000000000000000000e+00 2.660498505781467848e+00
1.646974491330320534e-02 -4.486671130441663999e-04 5.129178751919865054e-01 5.394121829899864995e-01 2.834241949279999728e-01 7.092667798508101029e-02 1.957208017437956471e+00 6.264346588693990517e-08 5.564877469773011676e+00 3.000000000000000000e+00 2.873356396224547638e+00
-1.181778121097808859e-02 4.020226232539764188e-02 4.587669898872727137e-01 5.244721498496345280e-01 2.752595372800000217e-01 6.800829085705503707e-02 1.960404991098533278e+00 6.699192048727936317e-08 5.564877469773011676e+00 3.000000000000000000e+00 2.844230135306690777e+00
