-1.318638270749914777e-02 9.541843780674503714e-03 4.849044713120060912e-01 5.387524521387292431e-01 2.301005000000000134e-01 7.409678923049299593e-02 3.555639331044058160e+00 1.111561841663204930e+01 4.000000000000000000e+00 8.193791674001221992e+00
-9.277851229132709487e-02 3.269792202245474372e-02 4.937922774050078623e-01 5.028806089849578997e-01 2.555629999999999846e-01 2.098894046786503945e-02 3.183460617132284121e+00 1.111561841663204930e+01 4.000000000000000000e+00 8.162172560697484869e+00
-7.143851209974662331e-03 5.203886381796479083e-02 5.002384353046452903e-01 4.855649812765703288e-01 2.423839999999999884e-01 1.146930496426237372e-01 3.485251834913387636e+00 1.111561841663204930e+01 4.000000000000000000e+00 8.191909725875351711e+00
-5.854540040494857558e-03 3.875262762775920355e-02 4.896384209587919534e-01 4.632939450762514899e-01 2.360814999999999997e-01 1.034543397530154896e-01 3.578363501673401892e+00 1.111561841663204930e+01 4.000000000000000000e+00 8.195411088420598844e+00
3.064305045059020557e-02 2.477226207316427994e-02 5.130352709306568171e-01 4.979960767507404795e-01 2.314950000000000063e-01 8.545849754286838351e-02 3.688116830587942374e+00 1.111561841663204930e+01 4.000000000000000000e+00 8.194217888510017644e+00
-4.816648727010609463e-03 5.222423860836407361e-02 4.913798575403702795e-01 5.057699058329840902e-01 2.450324999999999864e-01 9.767051206273280606e-02 3.047446742606725323e+00 1.111561841663204930e+01 4.000000000000000000e+00 8.169747117663353819e+00
7.551890288621965208e-02 2.792353470726051737e-02 4.895101967450511959e-01 4.955561069470352242e-01 2.414024999999999921e-01 1.070901622685870164e-01 3.959557652348603796e+00 1.111561841663204930e+01 4.000000000000000000e+00 8.205671485838585966e+00
-1.305458755701794163e-02 -7.267144374058925882e-03 5.064944057997401439e-01 4.901838206792251129e-01 2.346955000000000013e-01 1.005202826354935908e-01 3.551842174292254573e+00 1.111561841663204930e+01 4.000000000000000000e+00 8.188675854895306472e+00
1.499371815771924632e-01 1.310827304021576489e-02 4.647581940674850309e-01 5.259304516782947747e-01 2.306110000000000104e-01 7.396845108806079927e-02 3.106208023990468803e+00 1.111561841663204930e+01 4.000000000000000000e+00 8.170346134970834839e+00
6.523677021037624368e-02 1.743410895447133555e-02 4.833350970172725636e-01 4.753680337611062567e-01 2.372325000000000128e-01 9.091177754922491472e-02 3.668236423774210664e+00 1.111561841663204930e+01 4.000000000000000000e+00 8.195108498292599464e+00
4.685750811946830935e-02 4.757714987271283863e-02 4.767578138604349203e-01 5.471887010904312731e-01 2.356484999999999830e-01 1.087477900660626107e-01 3.571314028654033024e+00 1.111561841663204930e+01 4.000000000000000000e+00 8.127074188406686162e+00
-2.828222119349301303e-02 2.105310355656519680e-02 4.795607052981100127e-01 5.078174793523568820e-01 2.345804999999999974e-01 5.645402126529207310e-02 3.275085519601695694e+00 1.111561841663204930e+01 4.000000000000000000e+00 8.168618686587082678e+00
-6.419226464591602788e-02 3.444763518464995233e-02 5.046599596109697661e-01 5.128696210614439588e-01 2.407195000000000307e-01 6.813202780786210833e-02 3.681560169907792002e+00 1.111561841663204930e+01 4.000000000000000000e+00 8.190337915878053821e+00
-7.617776351463177720e-03 1.216963948774551496e-01 4.649464673073997467e-01 5.378721154815737648e-01 2.350229999999999819e-01 8.683559221187246713e-02 3.290664116592915356e+00 1.111561841663204930e+01 4.000000000000000000e+00 8.171287798852317152e+00
1.924123329190050025e-02 2.372029554972586093e-02 4.812271928163892598e-01 4.910837280171427288e-01 2.258009999999999740e-01 7.439413911354393616e-02 3.477062433480703874e+00 1.111561841663204930e+01 4.000000000000000000e+00 8.189798230557229886e+00
1.585825553910001628e-01 3.712746031138362997e-03 5.138243658314753937e-01 4.573585107317417187e-01 2.305860000000000132e-01 1.201338920355199819e-01 3.549199095114595970e+00 1.111561841663204930e+01 4.000000000000000000e+00 8.192496772696978624e+00
2.080794870462395613e-02 2.286686583399586553e-02 4.867437469969677077e-01 5.003760037870556010e-01 2.373959999999999959e-01 9.848798142840882452e-02 3.299977643896954582e+00 1.111561841663204930e+01 4.000000000000000000e+00 8.179710854789744801e+00
-6.370748928258136018e-03 1.256773138029766007e-02 5.241267992740092918e-01 4.989531643767196045e-01 2.356745000000000090e-01 9.970263288862396545e-02 3.777017819717618075e+00 1.111561841663204930e+01 4.000000000000000000e+00 8.185541455466923466e+00
