-1.372279605266889073e-02 7.043290351758554890e-02 5.014231889476069570e-01 4.901587788005830060e-01 3.048755733249999822e-01 2.908252667318397475e-02 9.366999039577275088e-01 8.076401367982403966e-08 3.093170683235839213e+00 3.000000000000000000e+00 4.748697408097527273e+00
8.882369216086885566e-02 5.919874255936527496e-02 5.312374574344234102e-01 5.048759071536317311e-01 3.157050308939999828e-01 4.012156006320632268e-02 7.590104037982559060e-01 1.060171272947704300e-07 3.093170683235839213e+00 3.000000000000000000e+00 4.457697155927779598e+00
-5.075483484908550891e-02 1.023766299163160302e-02 4.505809532960197705e-01 4.907061635667524513e-01 3.322350241550000027e-01 2.586459555070699454e-02 5.256044050788095667e-01 1.092729687448478238e-07 3.093170683235839213e+00 3.000000000000000000e+00 4.364482673766285181e+00
3.284579907928111137e-02 1.392730019169623190e-02 4.985119278315146563e-01 5.282110916381770327e-01 3.062865773719999907e-01 5.616259941437992675e-02 7.622964470493933664e-01 8.698288126462005149e-08 3.093170683235839213e+00 3.000000000000000000e+00 4.672255422061822649e+00
1.251808457007576141e-02 8.353067405205108487e-02 4.749611420348201496e-01 4.719264434336747360e-01 3.041193881659999820e-01 4.794297941663175355e-02 7.659346414896406330e-01 1.115017933485393191e-07 3.093170683235839213e+00 3.000000000000000000e+00 4.427758127805199173e+00
-2.746539374035855338e-03 -6.809925449357942875e-03 5.052399248460196501e-01 4.784074723811566066e-01 3.082937972370000113e-01 4.800158284614249732e-02 7.718449612268303284e-01 9.570089153463158521e-08 3.093170683235839213e+00 3.000000000000000000e+00 4.568369066491563046e+00
-6.276560195728413116e-02 8.628629196564025980e-03 4.738636693084569695e-01 4.570427946190465662e-01 3.289020572520000019e-01 2.710197635445499645e-02 9.001700046131237976e-01 8.683051269077860405e-08 3.093170683235839213e+00 3.000000000000000000e+00 4.645896132831455638e+00
-2.366664839683373101e-02 -2.564143866111943948e-02 4.985852847200477056e-01 4.850320201207002357e-01 3.235693903590000087e-01 5.884270360569181929e-02 8.047443117962814751e-01 8.753635721109121999e-08 3.093170683235839213e+00 3.000000000000000000e+00 4.625409432857094494e+00
-3.673398992071452707e-02 -3.246377954729381260e-02 5.325404241799880367e-01 4.744087376824117075e-01 3.218228028769999916e-01 7.420654733908790823e-02 9.238552384067209022e-01 9.215360714162371984e-08 3.093170683235839213e+00 3.000000000000000000e+00 4.607973046389910010e+00
2.882808854060972190e-02 -2.368326528950947044e-02 4.852797748780736109e-01 5.252986212222882090e-01 3.168468141499999891e-01 4.119351020826026583e-02 7.846027952322572885e-01 9.089575275272257421e-08 3.093170683235839213e+00 3.000000000000000000e+00 4.612006233624797780e+00
-1.166904877371499963e-02 -4.759957304950068746e-02 5.020347675982909097e-01 4.946863806605971692e-01 4.447558172480000072e-01 5.825962727530308305e-01 7.730842181262846946e-01 1.942063673755216743e-07 3.093170683235839213e+00 3.000000000000000000e+00 3.319099180748188882e+00
4.695769384595713247e-02 -5.622680439923897350e-02 5.274506941281739136e-01 5.054145524821522795e-01 3.013011070289999815e-01 4.207571037684260801e-02 7.785431161537501588e-01 9.481667522241876212e-08 3.093170683235839213e+00 3.000000000000000000e+00 4.597569523492007981e+00
4.069418288316140053e-02 -1.119331465123016289e-02 5.021815321018464617e-01 4.843709990446938285e-01 2.979796243589999949e-01 4.180461316754122830e-02 7.502375376070750113e-01 1.068276164867136205e-07 3.093170683235839213e+00 3.000000000000000000e+00 4.490421975866887294e+00
1.701103074685719405e-02 -2.354823927304675046e-02 4.856595043101173959e-01 5.276396465500136079e-01 3.012999242930000099e-01 4.870141634013343268e-02 5.077694620009827187e-01 1.189217562885549019e-07 3.093170683235839213e+00 3.000000000000000000e+00 4.332803129584697821e+00
3.294934841178218804e-02 3.187021104916683278e-02 5.087759366034705355e-01 5.010872201040237339e-01 3.176150870350000210e-01 2.758447414644931914e-02 7.756246400964905696e-01 9.870249868891647246e-08 3.093170683235839213e+00 3.000000000000000000e+00 4.530066229267649014e+00
1.262779173836215685e-01 2.597976311876059111e-02 4.882971512389220337e-01 5.186520011839387267e-01 3.137177512189999740e-01 3.815570301420086879e-02 9.035888278257012685e-01 9.207207920405569065e-08 3.093170683235839213e+00 3.000000000000000000e+00 4.623849079764685399e+00
-5.442903030506283241e-02 -1.065964393980872588e-01 5.039167357021893112e-01 4.925159444895544913e-01 3.315334069950000018e-01 5.087725000748716253e-02 8.410700517303594248e-01 7.628223374809095514e-08 3.093170683235839213e+00 3.000000000000000000e+00 4.721299440601653075e+00
2.803878972302355221e-02 -9.368145779623922309e-03 5.038398055571735590e-01 5.372033507345139736e-01 3.149144051259999966e-01 3.271386579400538397e-02 7.893555225755841676e-01 8.876015388844590461e-08 3.093170683235839213e+00 3.000000000000000000e+00 4.633244139862946476e+00
