5.300788023370080204e-02 6.073053688440782638e-02 -1.546538592607187013e-02 5.388728481246133351e-01 4.899694120197832792e-01 3.114099365940000141e-01 9.112084823287298907e-03 6.737081521513792026e+00 4.239212599596221427e-08 1.419879607669587207e+00 1.300000000000000000e+01 7.419950352179166657e+02
1.918746943346913859e-05 1.697212122189158123e-02 -4.963861250112583390e-02 4.917787126690686406e-01 5.117281804794899802e-01 2.967711893300000181e-01 1.727937662841660393e-01 4.229062169405006788e-02 6.084443057197196469e-08 5.414581399406506179e-01 1.300000000000000000e+01 4.799599171506195603e+02
5.934475195604480002e-02 1.141198865950616070e-03 -3.624672434824124240e-02 5.098170960656543960e-01 5.060192342839423540e-01 2.848840554120000146e-01 3.578973891951057335e-02 4.580054350303610633e+00 6.967789929305233100e-08 1.127152846588604929e+00 1.300000000000000000e+01 6.679161983348398053e+02
-1.995916178413210257e-02 1.308080428776546567e-01 1.969424182497856238e-02 5.052724890382918055e-01 5.035327062038196244e-01 2.774630187709999918e-01 4.898498796167740504e-02 3.896790801806186533e+00 4.625863621622856630e-08 1.380440660370000794e+00 1.300000000000000000e+01 6.443174401490144874e+02
-6.503682579839947797e-02 -2.547600802193768221e-02 6.565120822645569530e-03 5.190146479682805625e-01 4.767017600064635263e-01 3.395483401289999814e-01 3.736340858556643635e-02 6.605263643541118945e+00 5.324976744599887760e-08 1.366899215944577195e+00 1.300000000000000000e+01 7.441003705780390192e+02
-7.352048959583563914e-02 2.782241751458655252e-02 1.346181254753324799e-02 4.826011767597994107e-01 4.707163904877169069e-01 3.320311735099999995e-01 2.834101923910878340e-02 6.192105746323464111e+00 9.685876580403660376e-08 1.290768749339513910e+00 1.300000000000000000e+01 7.899512013137002668e+02
-2.564038436650222311e-02 3.061996302524316871e-02 2.103052272599433004e-02 5.229052958781659211e-01 5.136841074433394772e-01 3.224110168059999837e-01 4.233586763190708147e-02 5.840405854042813871e+00 6.162882102119400975e-08 1.413397245064634822e+00 1.300000000000000000e+01 7.509842697475809246e+02
6.523112630647510957e-02 1.290950523969891517e-02 -7.541835362981666457e-02 4.948428542129383323e-01 4.992825197130978943e-01 2.650179604580000237e-01 6.491458714204367819e-02 6.096741931046852692e+00 5.218776843397465313e-08 8.186702998486546923e-01 1.300000000000000000e+01 7.783581135434336602e+02
1.967060369168990505e-02 3.704152583283798483e-02 4.344847870900073183e-02 5.135570192195291206e-01 5.244849780238574066e-01 2.905880093050000057e-01 2.430413573351692877e-02 5.680527567137700018e+00 1.567177691336099679e-07 6.240009885987407579e-01 1.300000000000000000e+01 7.469085266431499122e+02
1.377233642964832694e-02 3.355616417049610625e-03 -1.847723123397058617e-02 4.950312902134521020e-01 4.982890398835885803e-01 2.967173953080000093e-01 3.471126815766455848e-02 5.329570128146554175e+00 4.570392263125391629e-08 1.134110935112192742e+00 1.300000000000000000e+01 7.126379170177114020e+02
-2.437707523973569462e-02 5.859027031588707503e-03 4.113374062204865067e-02 5.335079885845673831e-01 5.308797679551601201e-01 2.844747758000000237e-01 5.037627047521387597e-02 5.020348698230081119e+00 6.492486432019529250e-08 1.107773325335776882e+00 1.300000000000000000e+01 6.853941660335798360e+02
-4.908571518375203641e-02 2.157689775191343196e-02 -3.193294735661497685e-02 4.731035428727078385e-01 4.957652608241556735e-01 3.292535230920000111e-01 2.460391231267265028e-02 6.404183605988665207e+00 6.587271049741433168e-08 9.591490019291177838e-01 1.300000000000000000e+01 7.745143263712876660e+02
7.009554663797339102e-02 1.420712239458264171e-02 -5.658701609817734512e-02 4.963314872911477327e-01 4.718182542755280928e-01 2.990786046219999772e-01 2.786876530328053284e-02 5.730509228558288370e+00 6.100048453613316909e-08 1.229887536857692254e+00 1.300000000000000000e+01 7.584323822492865474e+02
-2.269807718047447444e-03 -5.396053137967461721e-02 7.599583701750754761e-03 5.364807851627532154e-01 4.816712958206459394e-01 3.276748596849999862e-01 1.563792389336403008e-02 6.783962878251534434e+00 3.796756480282012984e-08 1.376985852018195455e+00 1.300000000000000000e+01 7.303167718359458149e+02
3.457071354779323036e-02 3.436827156733746752e-02 -4.438956301379950314e-02 5.111113617370456330e-01 4.743276590970527118e-01 3.239411832529999757e-01 9.980811979798530353e-02 5.633276631841937387e+00 4.356252249538182355e-08 1.361046640843589950e+00 1.300000000000000000e+01 7.367321233177412978e+02
-1.041100138519973455e-02 -5.209868064323672915e-02 5.467635901926663072e-02 5.141957744983804979e-01 5.116380203105684865e-01 2.972824545130000051e-01 6.210336834912074527e-02 4.605670802460182678e+00 5.514969997711271763e-08 1.174480722679169586e+00 1.300000000000000000e+01 7.163269625280983064e+02
7.080224687574655784e-02 2.224722072450592558e-04 -2.070636094559674678e-02 4.937853523101908837e-01 5.054143159823515363e-01 3.217344226769999760e-01 5.784397602286415335e-02 3.365924393836313033e+00 5.177868855821784329e-08 1.328744474584333757e+00 1.300000000000000000e+01 6.051456247728752942e+02
6.479502895596765677e-02 5.787950314304174393e-02 -7.255065452765308009e-02 5.195475872810219053e-01 4.920597993172494133e-01 2.903004629820000182e-01 4.214849229984160561e-02 4.966187231170653860e+00 5.368755565207988165e-08 9.578542045516393877e-01 1.300000000000000000e+01 6.742371452348694447e+02
-1.244560912027359821e-02 4.495202803264888164e-02 -6.025062379268283919e-02 5.024542842485670846e-01 5.187208382203530865e-01 5.474171682630000202e-01 2.376090872343854243e-01 5.975732744563523546e+00 5.247948741815083359e-08 8.725599714273298835e-01 1.300000000000000000e+01 7.322999612798463431e+02
3.184038561351266398e-03 4.138475219777393299e-02 2.479568796499498351e-02 4.980360122839073700e-01 4.853807673578648396e-01 2.967184949980000153e-01 4.777162403178440708e-02 5.671568909978798700e+00 3.866380624793677326e-08 1.104931516084285192e+00 1.300000000000000000e+01 6.808883333947284200e+02
