-3.357615703570437926e-02 4.494355107183662518e-02 5.022112688863050040e-02 5.090854165021602151e-01 5.114221380997088229e-01 0.000000000000000000e+00 1.423548379462648804e-02 4.837022401900467727e+00 0.000000000000000000e+00 6.101760041049850702e-01 4.000000000000000000e+00 8.672887469045263060e+02
6.086312226569388223e-03 -7.280427065922104486e-04 -3.496728916413068683e-02 5.183022397782703905e-01 5.234191698019822203e-01 0.000000000000000000e+00 1.412766748767040753e-02 7.307799600679168783e+00 0.000000000000000000e+00 2.502008076877605625e+00 1.100000000000000000e+01 9.813783736805107765e+02
-7.125361096184559817e-02 -4.375776255345747989e-02 1.810335699484039162e-02 4.659447454228407559e-01 4.819004216952554875e-01 0.000000000000000000e+00 7.861505582642525081e-02 4.670156346657213575e+00 0.000000000000000000e+00 8.776100592608346851e-01 5.000000000000000000e+00 8.497361506000927420e+02
-3.110224703312991154e-02 2.027794038973987356e-02 8.295256915555054844e-02 4.823117663471751526e-01 4.920259263487802293e-01 0.000000000000000000e+00 3.369427041729726457e-02 5.116867269583305955e+00 0.000000000000000000e+00 1.377148755528320168e+00 7.000000000000000000e+00 9.353120367736069056e+02
2.032245101222922637e-02 3.017249789272033120e-02 -1.105445532976182116e-01 4.957622415954508477e-01 4.944023808901225614e-01 0.000000000000000000e+00 6.872206765581727328e-02 5.183349322505552692e+00 0.000000000000000000e+00 1.333144877848431609e+00 7.000000000000000000e+00 9.302343010918150412e+02
-5.238039100341125576e-02 8.657988702984991541e-03 -1.674785194637550267e-01 5.038491027171345671e-01 5.176066366043780009e-01 0.000000000000000000e+00 1.239456182178581833e-01 4.385802144502723543e+00 0.000000000000000000e+00 7.680491540021865404e-01 4.000000000000000000e+00 9.083013120357979915e+02
2.095697407453169514e-01 -4.780379632824367092e-02 -7.112216126512306558e-02 5.145365277349303046e-01 4.933792080433155314e-01 0.000000000000000000e+00 4.961805321678288555e-02 7.784354146018330312e+00 0.000000000000000000e+00 7.942272859971607479e-01 5.000000000000000000e+00 9.505205654472813421e+02
4.557988256067196237e-02 -7.567361275951778321e-02 -1.169024966261656556e-02 5.288641669099166664e-01 4.912394271866873940e-01 0.000000000000000000e+00 4.025651237688539913e-02 5.321678201683177178e+00 0.000000000000000000e+00 1.200540057523278525e+00 7.000000000000000000e+00 9.367016199927759317e+02
9.478798829054977532e-03 -2.839761208635293785e-02 3.153872000775690548e-02 4.831212718199260348e-01 4.786751537170619852e-01 0.000000000000000000e+00 3.182154568679074896e-02 6.129838235780958655e+00 0.000000000000000000e+00 1.943397143554230766e+00 1.100000000000000000e+01 1.014517078773699041e+03
2.140399625088077254e-02 -3.804967688863112457e-02 1.826402078217196148e-02 5.004384682926743544e-01 5.071151585705351295e-01 0.000000000000000000e+00 5.495734493257883879e-02 6.359335275311882363e+00 0.000000000000000000e+00 6.463106993548504153e-01 4.000000000000000000e+00 8.975599737396572664e+02
-7.278266121559083535e-02 -2.995181671502894494e-02 1.161792493131184900e-04 5.028738902020413182e-01 4.770948023638811875e-01 0.000000000000000000e+00 6.573153108763589263e-03 7.607641713103365788e+00 0.000000000000000000e+00 1.085253242291442266e+00 6.000000000000000000e+00 9.981548587689077294e+02
-6.119504519001032344e-02 -2.251068119348324792e-02 9.708193869101297557e-02 5.308054013594500908e-01 5.106336384757403923e-01 0.000000000000000000e+00 2.619552427925476296e-02 6.792284065339893928e+00 0.000000000000000000e+00 7.299406506055858834e-01 4.000000000000000000e+00 9.734900266052300140e+02
2.692791479345124292e-02 -3.523690436618621274e-02 -3.305339758916206461e-02 5.115454138570447729e-01 4.566991143213863236e-01 0.000000000000000000e+00 3.522570477089118773e-02 6.074457479155969786e+00 0.000000000000000000e+00 8.889611817550637785e-01 5.000000000000000000e+00 9.235106122083008131e+02
1.026597507114738184e-01 -3.226660750366278085e-02 7.739660176071598563e-02 4.480950397774616234e-01 5.055996390191145329e-01 0.000000000000000000e+00 1.850271646950793492e-02 7.838164332135961310e+00 0.000000000000000000e+00 1.171009756717743766e+00 6.000000000000000000e+00 9.289824204646806720e+02
-5.129625171280325496e-02 -1.511585617110815238e-02 1.043933043143946415e-01 5.213859902810459301e-01 4.973842894447375040e-01 0.000000000000000000e+00 5.472404265489645182e-03 7.701684917059687940e+00 0.000000000000000000e+00 2.538314612180347041e+00 1.300000000000000000e+01 1.015937287037489796e+03
-2.693700409179483959e-03 -5.010004973032380904e-02 -5.425072571787773607e-02 4.470771731973579577e-01 4.874146775560587730e-01 0.000000000000000000e+00 6.338928909110298771e-02 5.859798998859296226e+00 0.000000000000000000e+00 1.713878772369749726e+00 9.000000000000000000e+00 9.485824371625304821e+02
-4.832510247958227839e-02 8.047588230604885151e-02 -9.714462607598688126e-02 5.124024251960883625e-01 4.805369125850348366e-01 0.000000000000000000e+00 2.224624902847876368e-02 3.150770872645848097e+00 0.000000000000000000e+00 1.445307826895477765e+00 9.000000000000000000e+00 9.425760620657076743e+02
-5.565557127129022730e-02 3.918666864763473839e-02 6.008198628495035193e-02 4.659405412094945187e-01 4.998639025633193067e-01 0.000000000000000000e+00 3.549823371685766060e-02 4.896161196232196033e+00 0.000000000000000000e+00 1.865868904335080902e+00 1.000000000000000000e+01 9.449420883424714930e+02
-5.841816942713337624e-02 6.571868436553578163e-02 4.674933878818020305e-02 4.867969363868029919e-01 5.087411414250737618e-01 0.000000000000000000e+00 3.026207836733042084e-02 3.868096682537458086e+00 0.000000000000000000e+00 1.049650626278008758e+00 5.000000000000000000e+00 9.739934330150291544e+02
5.263451728831983201e-02 1.254256252172348922e-02 -3.986104401757557120e-02 4.804249375846164627e-01 5.326056358654509548e-01 0.000000000000000000e+00 2.600380836887402833e-02 6.484674842523246774e+00 0.000000000000000000e+00 1.636483457237568828e+00 8.000000000000000000e+00 1.002055775041917741e+03
