12.975478
11.262925
15.241071
11.155262
14.922990
14.790619
12.356083
9.912460
11.147770
11.199310
11.899829
9.605430
10.292016
6.381370
16.040517
12.700897
6.859886
9.006069
13.089409
12.494313
9.370646
8.385684
12.668128
8.296817
13.496011
6.789585
13.306519
9.470043
8.786495
12.604645
7.771869
9.832683
6.326192
11.905738
13.791221
11.690977
11.895435
-1.968804
11.854571
13.569583
9.414153
12.324926
13.376412
12.367929
10.583862
11.422244
12.956380
11.659448
11.028330
9.310913
10.495467
13.735706
13.072956
12.779404
15.972332
15.132083
14.734227
10.077795
11.003094
9.972754
11.342574
14.014870
10.119031
12.921014
9.845346
13.718998
9.884351
11.601825
10.912811
13.043169
12.833585
10.215528
-1.949654
12.640782
12.327206
14.035626
11.277085
10.806302
10.519285
12.565136
8.362228
9.927830
11.471346
9.172403
9.665845
12.102243
10.845367
11.063119
9.521289
10.891079
11.369647
12.805892
12.676804
13.377715
11.873404
12.747269
12.672354
11.635383
13.429527
12.480662
11.840040
12.788293
15.284298
12.454845
12.057690
15.942532
13.304737
15.176176
0.505979
17.200576
12.985886
14.587731
12.822534
14.124572
13.778831
13.138310
14.067018
11.131854
14.631675
11.534363
10.146041
13.418688
11.426904
11.327013
11.108134
11.932633
12.921459
12.969130
10.475821
11.903221
13.197376
10.194833
14.020825
16.284445
12.278178
11.541689
11.208808
14.126597
12.424493
16.300156
14.907758
15.467658
14.012223
-2.173948
-2.179628
-2.182125
12.634968
8.793302
12.366469
9.381420
11.862951
10.630909
11.304833
11.279041
8.390056
12.185403
12.206280
11.130136
10.371384
10.680234
10.258295
15.655262
13.648235
12.853414
15.623394
14.418351
11.882126
11.392075
14.814408
14.406201
11.326622
16.665815
12.017197
15.115682
13.354733
15.013868
13.772075
15.160508
15.371902
13.586678
16.614424
12.266085
15.109429
15.940712
14.546204
14.178178
14.942018
15.247603
16.029282
15.820506
14.129456
16.411051
18.071210
17.584979
16.613034
16.647386
18.570872
19.952035
18.281689
17.437921
17.849369
19.623718
15.647814
18.540166
16.740141
20.323528
18.102679
15.242027
16.324843
17.635696
15.307966
12.791624
16.190225
14.966777
13.142139
13.884396
14.979576
20.338925
15.662777
18.702577
16.761581
17.506905
15.900275
10.811081
17.512649
15.244217
15.794551
17.889100
15.125882
16.894516
13.422575
13.992506
9.872012
18.306514
14.464422
15.048298
14.723741
16.863786
14.139230
12.330757
14.154778
16.129944
15.562642
20.897775
15.848414
15.215060
15.817936
16.308916
17.772069
15.796110
13.651280
17.464789
14.627344
13.918066
16.440721
16.273110
15.798099
14.946625
19.574388
16.082407
14.496781
17.342914
19.997665
12.145546
16.329472
13.074496
15.133854
15.223449
15.106187
16.051517
15.070859
12.151995
16.265795
15.730691
10.958295
9.822730
9.633170
11.232099
13.944720
11.022228
10.630121
14.178815
12.627884
11.621434
12.376382
10.492837
11.330447
-2.012102
14.425995
16.526933
14.018799
12.340965
14.741422
17.669997
15.872323
13.459936
14.151622
11.127485
14.670898
14.372032
12.229215
14.627504
13.035084
15.505652
15.497509
14.308399
17.683813
14.395294
17.801483
15.500651
14.749036
16.695196
14.661640
16.931322
16.556480
14.462441
14.591958
15.354433
15.101960
19.007888
14.860816
17.601677
17.373118
14.329075
18.104872
17.865869
15.485527
17.450269
15.079014
15.171653
15.833435
14.545797
12.619489
17.499808
15.194153
15.639732
14.635907
11.545982
12.400270
17.924222
16.430670
19.203118
13.029581
17.617078
18.126359
12.141093
18.574794
18.429360
12.162132
19.679908
20.581241
14.206589
17.922304
16.467807
22.428260
20.335561
21.488034
19.321892
-2.033638
21.131405
14.213831
19.654904
18.011302
20.258008
17.963479
19.804961
20.250856
17.518965
15.848945
20.027420
24.669092
12.989981
22.761130
16.184852
22.106839
15.267313
23.099665
21.147374
19.124661
19.720781
18.662343
19.720474
20.643707
17.900053
18.048390
23.260132
19.477363
22.035552
22.607672
18.766525
19.444097
22.968657
23.133796
-2.019292
22.340570
15.311344
27.301452
17.763306
18.079071
20.556121
21.304595
-2.003264
-1.955824
-1.928992
-1.870693
-1.869900
-1.847700
-1.885933
-1.857814
-1.904239
-2.014518
-2.151139
-2.174232
-2.099494
-2.189692
-2.170186
-2.122038
-1.960970
-1.950314
-1.931141
9.795619
12.211523
12.994277
13.090544
12.769146
14.866653
17.472459
13.577385
14.906253
-2.003889
11.868715
10.742631
14.021207
8.926367
11.851797
12.041974
9.678500
11.794351
13.036114
12.552797
10.412847
13.575047
11.704875
12.864066
13.978282
15.583594
18.030816
17.585205
20.629518
23.356236
18.291456
23.283506
15.527946
20.764730
18.574173
18.833368
21.176430
21.211262
16.234282
-4.262891
-1.780866
-1.949866
-2.015477
-1.022117
17.411055
16.518759
22.361572
18.761139
21.961193
20.256586
18.585779
15.763256
19.886827
16.456711
16.536629
19.965089
18.739117
18.526189
18.637287
21.364865
20.627640
17.384708
18.546966
19.808311
19.136167
20.120010
19.151302
18.772612
22.316242
22.214782
21.110410
18.543299
27.567071
15.711136
16.759337
22.040085
17.387399
22.052967
12.195173
15.660591
-1.916319
8.317391
17.313227
16.974270
13.397699
16.635242
12.899197
13.889893
18.900973
16.490668
13.508935
14.749605
16.947276
21.642488
16.168199
20.044155
16.605947
16.279487
16.687132
17.821949
16.631315
19.206931
14.680107
14.594599
23.344521
17.216714
16.714040
21.192351
18.927188
15.468264
12.690702
15.891238
17.341979
17.382001
-3.159757
18.560574
14.640292
14.043895
18.925450
26.068460
12.869773
18.894455
14.395675
13.307141
20.343157
14.707409
15.067624
16.948958
20.307199
19.355448
18.831910
20.146574
18.598954
18.248251
19.199401
18.617297
17.943213
19.425791
20.259254
21.460429
18.838154
20.745394
18.774978
16.661319
20.659848
21.807350
19.484102
20.720650
18.710642
19.229767
21.432851
19.912297
15.868179
17.734963
17.704768
17.480767
23.076939
17.672241
17.750698
18.690311
19.729894
19.637739
17.560969
16.376888
16.524607
16.736377
18.650500
20.618966
15.874593
16.910452
19.520957
19.395106
19.983701
18.057939
17.235045
18.113853
14.486317
17.004572
16.001744
17.104995
16.586209
15.717392
17.842063
13.640143
16.711481
14.934595
-1.938863
15.126504
14.153270
15.878870
12.383145
10.900856
14.009548
15.552699
15.146457
13.459808
13.199646
15.057592
15.523781
16.314049
16.603740
18.591249
11.535461
14.543819
13.588638
17.929945
12.223513
12.284881
13.169344
13.837230
11.379677
11.885828
11.786285
16.023818
12.226976
12.614876
12.112505
11.101387
10.386892
11.188073
-3.456242
16.770789
13.150375
11.571914
12.863233
13.963578
15.327101
13.248063
16.290316
15.074107
18.342249
20.114451
19.140681
17.058134
15.472812
16.321584
20.935427
17.901154
14.270816
19.596454
19.678547
17.511294
19.028154
14.961597
20.673966
16.444483
19.746455
18.872020
18.767179
21.244108
23.317351
18.415155
24.110844
17.549982
23.804542
17.421848
15.987762
19.629585
19.895832
17.434418
17.852087
17.353486
16.165840
17.681574
16.856976
17.938138
18.616881
19.746050
18.799510
17.693332
16.674807
17.103515
17.601072
16.919043
14.346479
20.225571
15.896506
14.268685
19.792279
17.385826
24.128619
13.982398
11.839678
20.027478
11.784269
19.038681
15.378237
16.374625
16.164271
18.498286
13.723740
16.541302
16.695735
16.528938
20.085652
23.568289
22.483859
21.263020
24.946174
22.168468
21.019267
23.858007
19.968712
25.356106
22.340633
24.310031
19.858640
21.301384
23.280901
22.737477
21.949737
20.165286
22.369134
23.719847
23.634537
23.720049
21.050610
20.164024
24.326051
26.850928
22.455285
24.152082
25.719932
23.437060
24.566462
-3.932023
24.159628
19.870667
20.658437
22.372780
22.153980
23.263902
23.032108
22.220824
18.481207
19.311933
20.830274
20.696474
19.064570
20.815072
20.578797
23.001697
20.448247
19.238412
24.059856
22.162230
4.178451
-1.870410
21.888903
19.120910
19.336245
20.121176
23.425721
23.721694
19.509607
19.603035
21.688798
22.695781
25.744016
25.990571
30.225779
23.127766
27.155150
25.590364
26.498312
24.594799
26.107183
25.977714
25.144524
23.462416
26.377530
25.982677
24.578945
18.514189
23.400237
26.262802
28.238099
24.490569
31.092506
28.320082
29.186915
25.102576
28.568225
25.700465
-1.921516
17.908509
22.531999
19.535940
19.178917
22.423064
16.249374
24.804975
27.599469
22.642469
17.693037
33.811536
26.002798
28.721586
26.538481
26.565800
20.743142
25.177919
28.567863
30.623549
26.585968
24.041477
23.662805
26.423913
30.133903
29.202898
21.724891
26.203544
28.204468
26.388691
26.096984
23.485688
28.050456
29.342620
30.867177
-4.695463
21.708051
17.748213
18.267529
23.380430
22.883653
26.519230
21.257801
25.037784
25.431310
27.387291
23.760321
23.259289
23.537762
20.370818
26.485069
21.590133
18.829622
23.782720
28.234469
24.866295
28.912660
28.030232
24.263448
27.777299
26.693345
26.937385
23.397204
22.977824
25.146121
28.354031
18.749124
21.305381
21.490265
24.414767
22.278570
-2.087426
-2.132496
-2.211276
-2.283421
-2.250787
15.545858
