9.005078
8.159682
13.611254
9.268667
13.841464
10.613513
10.808628
11.923417
9.876707
11.744023
10.845238
11.254308
12.353945
9.556637
7.487153
8.855860
8.997875
12.167189
13.311386
11.746249
17.747612
10.399779
14.006478
8.653919
14.381349
12.718091
8.728749
13.794304
8.500977
9.899303
7.328931
8.345532
8.202043
15.409027
7.885571
9.130988
15.220890
7.915830
14.605999
9.302056
11.317271
9.119919
2.059081
6.373189
9.058218
9.605886
15.236446
9.088472
12.040573
9.965964
10.784558
14.745847
13.390642
14.257426
12.941619
10.773777
12.527966
13.323776
12.785754
13.638083
9.125933
10.056006
20.183716
10.599949
12.002058
11.528781
12.251811
11.266886
8.821252
9.930614
16.341815
13.196985
8.928066
11.957751
11.809895
11.983817
13.394983
7.503945
13.881524
12.302179
14.237957
10.994088
12.193014
12.416139
13.730885
9.117847
18.757582
16.587345
10.382186
10.233756
14.283278
11.920280
10.552692
11.031778
15.496024
11.973557
13.364142
9.167446
11.065794
12.770360
11.355986
13.361284
16.501757
15.916983
11.095745
12.813315
11.398442
11.825243
14.793210
12.070465
10.795600
10.381801
15.887710
15.492215
16.797982
12.349555
12.368333
12.130766
12.402865
10.746173
9.831875
14.465131
9.245520
11.869760
10.570933
13.352053
8.447374
2.377585
14.393928
14.266167
11.140803
12.660145
11.244949
12.148989
14.200925
12.145238
13.334652
10.210480
9.031586
14.683050
11.960810
11.633777
12.870125
10.236685
10.485907
9.039936
12.482606
13.629021
10.656619
13.766632
15.371896
12.884593
14.122791
10.134117
15.803036
15.393805
13.081126
17.139691
11.750840
15.080109
13.971717
12.474311
16.878384
11.524185
12.002894
9.172034
15.683355
12.315269
11.276047
12.416016
13.344650
10.613258
12.663461
9.673443
12.876330
13.009619
12.323087
12.847269
13.545851
13.531317
13.456120
11.634107
6.192824
13.553397
12.548940
8.229557
11.782733
10.235203
11.209594
13.361373
12.881236
9.764975
13.651433
12.124302
11.694384
10.526218
10.149926
10.290187
11.710713
12.059581
14.969685
15.263059
9.612610
16.603574
15.470290
10.993680
12.187494
12.533970
14.642824
11.314830
12.080330
12.157999
12.308934
7.064392
9.174271
10.332374
14.722543
10.051662
14.729545
7.823833
14.899111
10.116364
12.338287
14.135016
11.776876
13.891727
12.405062
14.269671
14.915455
9.631838
11.108792
10.590396
8.818057
12.761503
10.322796
10.481783
11.791620
14.376542
13.271614
11.921842
13.732519
12.364754
11.638907
14.144930
11.844340
14.337127
12.785706
14.445918
13.503709
13.207690
13.644781
13.124275
10.373622
9.474180
14.959288
12.082291
10.870119
11.069500
9.259092
13.937306
14.096996
13.222672
15.361377
9.172456
11.661451
7.681853
12.499949
14.022003
15.976827
11.787313
12.170329
9.547929
14.672338
14.366955
13.043087
15.845839
11.781942
12.988272
16.760394
11.999324
12.932705
14.811995
10.888667
12.743455
11.976696
13.069875
12.515317
12.550885
9.127554
13.077395
11.955967
14.155490
10.392295
14.064805
11.815500
10.009858
8.867226
11.797929
14.093357
13.182676
9.737172
13.248418
12.215049
14.062183
8.127938
12.688667
10.372982
10.016919
13.237835
10.924629
14.475067
13.332227
11.177151
13.939846
13.224838
11.825458
17.818223
14.896096
13.661106
15.223159
12.852631
13.039011
14.223474
16.353802
11.667252
13.514426
13.758840
13.663629
20.865574
13.647929
16.975819
11.438582
15.101331
10.224135
15.921424
9.557975
12.868520
13.138557
14.356660
12.944343
11.446961
13.113949
13.108111
10.836238
4.553556
6.917577
8.923353
11.513165
10.327335
14.085303
10.653498
12.091872
13.209079
13.950838
10.911398
11.054970
9.339943
13.792170
13.896108
8.706262
12.943818
12.765494
14.038382
20.628096
13.813760
10.601382
11.830309
13.903304
11.080942
11.537109
13.413364
10.207876
12.513474
17.615061
16.036123
15.304642
8.431237
15.102467
7.958270
11.212410
13.256902
11.503007
12.851441
16.917103
9.594844
13.704555
13.758037
10.062306
12.083044
13.894153
15.234306
15.330396
13.971201
14.401938
11.881522
14.776637
13.621823
11.115531
13.709760
14.239539
10.952912
14.359902
9.255855
17.494086
14.209722
7.612397
18.587275
16.357732
13.621332
14.703678
15.318781
10.295767
13.443368
10.402236
10.661394
12.999240
12.085802
11.823864
13.487773
14.589385
14.524095
8.751596
11.633231
8.838774
5.708457
12.268311
13.594603
12.121263
11.390202
16.152500
12.664553
14.758257
14.129026
12.475422
13.080191
11.715273
10.391576
11.381064
9.806291
14.746436
16.677788
12.488783
12.148789
15.791560
12.723801
11.276511
13.993105
9.102790
13.708942
7.263485
13.883127
11.004745
15.863730
15.491735
9.633462
15.045581
14.171591
15.482709
13.286143
14.851693
11.626728
12.193339
9.390673
11.084693
10.154156
11.245296
13.025026
15.187495
13.044808
12.613715
13.688143
8.173181
10.512661
11.434829
14.160228
13.234095
14.383346
14.756772
15.505492
14.873885
13.607243
13.469755
11.718261
10.199503
11.409864
11.293334
16.383159
11.582143
14.563347
13.037191
10.161820
13.963783
11.161253
10.922264
12.542369
12.400259
11.647033
6.110021
12.977024
10.229826
14.204238
10.492406
13.247898
13.632407
11.364168
11.981591
7.295177
13.052656
9.454202
17.250126
14.837144
14.758036
10.787882
11.482515
11.700959
10.086326
10.480718
15.563103
12.034134
11.800287
9.124732
12.569104
13.318391
13.401614
13.253582
12.763960
10.968158
10.619003
10.688002
12.906338
12.132970
10.564728
17.128626
13.174145
13.461757
9.337420
12.399757
12.613397
8.926736
11.100709
10.385260
13.024194
13.217105
12.421006
15.813890
11.443866
11.090767
11.942826
12.232545
10.927416
13.022076
11.957231
10.405203
16.013158
15.368338
13.453816
11.897366
11.038200
16.604258
10.221240
10.953085
11.915124
13.572696
12.237695
13.917448
15.575689
14.300099
11.894730
14.668771
11.866630
15.751437
11.039896
9.911834
10.090298
13.788794
13.365144
11.334532
13.058798
13.781446
14.757966
14.584287
13.831022
13.567731
11.125642
12.793394
10.649582
13.836134
8.479893
4.010538
3.324406
9.258504
11.416056
11.237181
10.370800
13.372703
13.163154
14.201373
12.575213
14.160139
16.860461
13.117985
13.365522
11.146984
11.858730
13.007459
12.596678
11.914947
11.036036
14.176667
14.220669
15.537614
16.221135
16.195991
10.394598
14.834115
16.095403
15.921065
12.707926
10.173770
13.525644
16.117197
15.286001
11.822872
10.084309
11.737374
11.341452
14.740125
15.471741
10.666558
10.981581
11.468191
11.810085
14.414874
8.880953
11.990518
9.843002
13.913593
11.693777
12.434555
15.421041
12.702914
17.280133
13.444399
13.741708
12.584042
11.885849
16.089099
11.962745
13.815941
12.673864
10.265795
10.797641
10.403353
13.044455
13.094020
13.232810
13.815270
10.917218
13.972730
11.736847
15.321543
3.267260
5.825356
8.970756
7.653527
15.090361
15.378616
9.194738
13.702878
10.924052
13.422918
5.240126
5.224789
16.249423
13.636816
13.883356
10.622474
12.658219
11.507823
17.287915
12.039669
8.536276
10.608020
17.593142
11.069872
5.580554
6.052711
12.422304
7.362348
6.581415
8.873765
10.185403
11.081183
10.322523
11.452880
13.478430
15.221096
12.928024
9.448885
8.344591
10.857020
9.051516
14.116507
9.347475
11.112561
12.590618
15.351084
16.027522
17.643354
11.388871
12.508426
8.150548
10.639645
14.510783
10.831339
16.375041
12.356634
10.855381
9.517798
13.509732
11.059545
8.985580
13.223165
15.469479
17.577581
14.309129
15.842726
12.227580
15.137766
12.337180
9.982105
12.383727
11.233649
7.240851
14.920328
14.005355
12.689793
11.149419
12.984213
13.490779
17.268002
14.303611
10.717160
12.073353
10.834496
14.940353
11.010375
14.745284
18.370596
16.019735
10.534143
12.469580
13.336283
18.288169
13.638697
11.013924
11.316852
13.029911
10.717924
10.344852
10.751800
14.053181
8.439581
9.098756
11.254902
10.917691
9.544985
10.133021
14.884176
14.495562
13.142157
14.922969
16.222682
12.389046
12.557289
12.455628
12.801024
10.124095
11.327823
11.159263
10.293728
10.035574
13.050568
14.727631
12.972691
13.991982
10.523513
12.260484
13.286492
9.728658
9.341108
13.175246
11.094676
10.061912
12.701502
12.413591
12.498481
10.758622
11.419280
11.562438
13.725070
12.980479
14.984204
11.522095
12.713290
12.707878
12.769455
13.206704
11.973359
11.007036
15.538794
15.073264
12.341578
9.287559
13.441016
18.124016
14.074887
12.299608
10.803159
12.126004
15.334851
10.876858
14.206767
12.851331
14.024937
7.051680
11.466119
11.289941
10.830566
15.629711
11.764423
13.251838
10.894756
14.188976
14.019417
15.395137
16.102589
11.029492
10.492486
11.188888
11.874163
11.688838
9.804108
14.204362
10.591999
15.384512
11.865827
8.289050
15.144808
14.082223
11.297095
11.207276
15.742380
17.819432
10.220661
11.359668
13.142496
10.278495
12.066600
10.197763
12.650819
16.491119
13.874299
15.308835
13.101438
15.135163
14.675225
10.932600
17.352154
12.606160
11.729188
12.835090
7.505671
14.657785
15.705263
12.136286
13.044952
12.541854
19.935558
13.390817
12.503712
