-1.351634141509940323e-01 2.729206309465491420e-02 4.917155254497477812e-01 4.677249550769776998e-01 3.173851669209999948e-01 6.280863623301709275e-02 6.608912441130707638e-01 1.022191536516836671e-07 3.306179410854658052e+00 3.000000000000000000e+00 3.831379131367338875e+00
-1.896945531882201358e-02 -2.156295958023229237e-02 5.096854043652756516e-01 4.889068437567747893e-01 3.277967811260000253e-01 2.540076498682328904e-02 0.000000000000000000e+00 1.387986601346746471e-07 3.306179410854658052e+00 3.000000000000000000e+00 3.376336669417388414e+00
-1.432204451346491547e-01 -2.761912076383142567e-02 5.082225603758219190e-01 5.004419228053597068e-01 3.240676492699999800e-01 7.891250203915783912e-02 0.000000000000000000e+00 1.200034668177218111e-07 3.306179410854658052e+00 3.000000000000000000e+00 3.572639403594517482e+00
-4.611794878718670360e-02 -1.216020292901996008e-03 5.249076615039145466e-01 4.788714927883970796e-01 3.183794336090000066e-01 2.974503760415116507e-02 0.000000000000000000e+00 1.554147932756606085e-07 3.306179410854658052e+00 3.000000000000000000e+00 3.228866005734372990e+00
5.903262069873320937e-03 5.239221169143840756e-02 4.885123562407170938e-01 5.176129424873053830e-01 3.213607570079999864e-01 1.222845487367576686e-02 0.000000000000000000e+00 1.338644306321708491e-07 3.306179410854658052e+00 3.000000000000000000e+00 3.437593250650400112e+00
-7.457246152184258958e-02 -3.866986814287206448e-02 4.851332989404020246e-01 5.095260043927748450e-01 2.987646477779999921e-01 5.447655530232625720e-02 0.000000000000000000e+00 6.837116825380288555e-08 3.306179410854658052e+00 3.000000000000000000e+00 4.117212453024976959e+00
-3.356248225021633141e-02 -1.999332320881094804e-02 4.860581656238781023e-01 5.237196385795398479e-01 3.257649580049999938e-01 3.037898908402027892e-02 0.000000000000000000e+00 1.554994963200159371e-07 3.306179410854658052e+00 3.000000000000000000e+00 3.207065928829450741e+00
7.349350170748281119e-02 -3.455166998945626705e-02 5.175109601429679351e-01 5.044327812033010394e-01 3.554442258889999873e-01 1.163897220262372773e-02 0.000000000000000000e+00 1.395648111046907265e-07 3.306179410854658052e+00 3.000000000000000000e+00 3.298072439715487025e+00
-1.078292292959076165e-01 2.842840142296066547e-02 5.153037191221289115e-01 5.112434423882445955e-01 3.090701327150000011e-01 5.424864938236186040e-02 0.000000000000000000e+00 1.522349597557248832e-07 3.306179410854658052e+00 3.000000000000000000e+00 3.278795857301985972e+00
8.296332547723862805e-02 2.486427169697059958e-02 5.103113708830164796e-01 4.993250163118663765e-01 3.520895259399999810e-01 1.154699185816391444e-02 0.000000000000000000e+00 9.553044150126474847e-08 3.306179410854658052e+00 3.000000000000000000e+00 3.745762973078618163e+00
6.113253830777396619e-02 5.105423916361519210e-02 4.951258969024850964e-01 5.439314475802276005e-01 3.441180599109999738e-01 1.283870316021763595e-02 0.000000000000000000e+00 8.172168761060476829e-08 3.306179410854658052e+00 3.000000000000000000e+00 3.915452122139700730e+00
1.041978602359045283e-02 3.883923133281948908e-03 4.763768444524115186e-01 5.134619437162918354e-01 3.236612689999999737e-01 1.292082261266196304e-02 0.000000000000000000e+00 1.457553228003817083e-07 3.306179410854658052e+00 3.000000000000000000e+00 3.318140590251468680e+00
-1.030943774451537065e-02 2.828354742366282620e-02 5.243583768551831614e-01 4.866527322595789462e-01 3.099873836340000244e-01 9.372569660814331072e-03 0.000000000000000000e+00 1.595879484209953952e-07 3.306179410854658052e+00 3.000000000000000000e+00 3.208505400236686178e+00
4.787340804793845106e-02 -7.698842099203148659e-02 4.993672666290747131e-01 4.910300399514855307e-01 3.397376391979999855e-01 1.249406240976341093e-02 0.000000000000000000e+00 1.514060331979332429e-07 3.306179410854658052e+00 3.000000000000000000e+00 3.222005295616071407e+00
5.388060475376267588e-02 1.215430208269762669e-01 4.876875677859414115e-01 4.745253423570689466e-01 3.506213951530000039e-01 1.198686474206639256e-02 0.000000000000000000e+00 1.362131249860722971e-07 3.306179410854658052e+00 3.000000000000000000e+00 3.343252297966827769e+00
-9.707271664012868950e-03 1.580178400259358087e-02 4.995617185334665922e-01 4.863118845227349385e-01 3.182618347669999848e-01 1.259930002071854398e-02 0.000000000000000000e+00 1.234442732076563618e-07 3.306179410854658052e+00 3.000000000000000000e+00 3.541557072604806677e+00
-1.800727166937570942e-02 -2.096487657428945314e-02 4.989218752183732231e-01 5.049547015103170722e-01 3.338444331609999871e-01 2.138346290540328251e-02 0.000000000000000000e+00 1.789720463551398755e-07 3.306179410854658052e+00 3.000000000000000000e+00 2.966577314096524809e+00
1.257903119966804345e-02 -3.546193181297351005e-02 5.141785359929217369e-01 4.969428240916197725e-01 3.259833481480000072e-01 1.339693991925548604e-02 0.000000000000000000e+00 1.514710240865083497e-07 3.306179410854658052e+00 3.000000000000000000e+00 3.252798138012776619e+00
