7.341608652820581782e-02 -2.570436368217062992e-02 4.958222417256714643e-01 5.128768393953497817e-01 3.559114539039999747e-01 1.053690937213844735e-02 9.091631454100034260e-01 8.638859852176854119e-08 3.093170683235839213e+00 3.000000000000000000e+00 4.576724655959850452e+00
1.269986271534927560e-02 -3.671867052589500996e-02 5.091358584350982319e-01 4.770004587045184041e-01 3.166112160910000140e-01 1.164498680643282456e-02 8.112318745794107056e-01 8.069381998461592623e-08 3.093170683235839213e+00 3.000000000000000000e+00 4.692429763795210818e+00
-5.552311249652676362e-02 -6.849972957204837620e-02 4.987444438802014490e-01 5.165644131011656315e-01 3.125439237579999974e-01 4.554001409781892329e-02 7.979134029895353919e-01 7.419045939788250578e-08 3.093170683235839213e+00 3.000000000000000000e+00 4.760638446784003719e+00
-1.078172665315049461e-01 1.715205800693935315e-02 4.491238879754275160e-01 5.173867732873226322e-01 3.058462301650000104e-01 5.093222981417130230e-02 7.781657416349192502e-01 7.582827595229902632e-08 3.093170683235839213e+00 3.000000000000000000e+00 4.760352355864496232e+00
3.358266263879335772e-02 5.931877413626542028e-02 5.214232763719990338e-01 4.867073092636400311e-01 3.321739040250000219e-01 1.307063535662117242e-02 7.665739711332132389e-01 8.953933085079628610e-08 3.093170683235839213e+00 3.000000000000000000e+00 4.574063835913873000e+00
5.149518468509977492e-02 4.662230824412134933e-02 5.244159041370812790e-01 5.302677343977034718e-01 3.447909132640000207e-01 1.050948169721944644e-02 9.195208721877277114e-01 8.273534559706218237e-08 3.093170683235839213e+00 3.000000000000000000e+00 4.638590590621993748e+00
-7.662278934234528945e-03 2.121737667623399895e-02 5.242388102083831436e-01 4.814149782315216286e-01 3.041985735339999830e-01 1.104430553883515784e-02 5.253538178722676477e-01 1.068851416509796567e-07 3.093170683235839213e+00 3.000000000000000000e+00 4.428567953209864960e+00
3.691443109443860726e-02 2.856876898881272053e-02 4.826886247063935098e-01 5.349186695783482159e-01 3.368305992139999927e-01 1.059265165237244059e-02 8.225393763913847467e-01 7.094724431303488753e-08 3.093170683235839213e+00 3.000000000000000000e+00 4.749456754265021452e+00
1.989877278452896123e-02 -1.052152158152252354e-02 5.006600403423118184e-01 5.211509353163257252e-01 3.197756857430000266e-01 8.463754709815637239e-03 7.932629230353598349e-01 8.878873011314172626e-08 3.093170683235839213e+00 3.000000000000000000e+00 4.603514438177113810e+00
-2.428150877980656333e-02 1.695554693429734971e-02 4.615868092154469804e-01 4.740283183593050897e-01 3.333597076420000138e-01 1.662066938167865507e-02 7.769519277527807688e-01 9.490784102888572685e-08 3.093170683235839213e+00 3.000000000000000000e+00 4.511327084142740418e+00
-4.572193672038282058e-02 2.762524393681907442e-02 4.660010682030126805e-01 5.306765945156842745e-01 3.108044422119999872e-01 2.261359914722165659e-02 8.014263828345709051e-01 7.749739658978957343e-08 3.093170683235839213e+00 3.000000000000000000e+00 4.734064450872643270e+00
-1.035930425289869478e-02 -2.111972960019356527e-02 5.182527055882348854e-01 4.836341215834324969e-01 3.336020481920000114e-01 1.711742168932516364e-02 7.720320071525903494e-01 8.976428031517743147e-08 3.093170683235839213e+00 3.000000000000000000e+00 4.560822809581185133e+00
4.189881214249559227e-02 1.608111755135299692e-02 5.190486772504770974e-01 5.071456430845001639e-01 3.355180098559999990e-01 1.023824178671578662e-02 7.586973726293363418e-01 9.332884047662038708e-08 3.093170683235839213e+00 3.000000000000000000e+00 4.524772205730331009e+00
9.131918164162059967e-03 -2.640886923828396869e-03 4.829313516889802704e-01 5.101617018734858622e-01 3.151389711509999803e-01 9.904004821071900680e-03 9.311763220511510841e-01 5.524950636245929785e-08 3.093170683235839213e+00 3.000000000000000000e+00 4.906854920014345645e+00
-1.772218648479373382e-02 2.372995967451812030e-02 5.116120718049850247e-01 5.585420728197166840e-01 3.060502847909999935e-01 1.155913408657700293e-02 7.853162231267956095e-01 8.695664080542786027e-08 3.093170683235839213e+00 3.000000000000000000e+00 4.653008547261198835e+00
-3.205715800658415909e-02 2.807152971034749395e-02 5.004995330187229641e-01 5.315331835751945233e-01 3.269519123960000218e-01 1.732457209563757761e-02 7.878993059492567230e-01 7.894695429355695367e-08 3.093170683235839213e+00 3.000000000000000000e+00 4.693585432148021930e+00
-1.051148845111810190e-03 -6.544434469879210903e-02 5.165219842830782726e-01 4.749799880779125294e-01 3.274827817579999967e-01 2.004155421444506896e-02 7.663864282810705086e-01 8.536250905246221688e-08 3.093170683235839213e+00 3.000000000000000000e+00 4.627792693441087124e+00
-7.213456117040599469e-02 9.915105235714428977e-02 4.964011525178917417e-01 5.074470667677629665e-01 3.129665742259999939e-01 1.888788976191825217e-02 7.575220110170727272e-01 9.180346635435569206e-08 3.093170683235839213e+00 3.000000000000000000e+00 4.584515805535239963e+00
