-8.141302435720579322e-02 -2.600515227257485518e-02 5.058531307183929959e-01 5.155544779464558136e-01 2.244289999999999896e-01 1.304172685000056509e-01 1.247360847950881979e+00 9.402946506947920113e+00 4.000000000000000000e+00 8.061516501747039598e+00
-5.567735818300128398e-02 -6.483391848041765437e-02 5.119089740916352715e-01 5.263256665183817518e-01 2.099219999999999975e-01 1.093117635674104859e-01 1.337715351094443506e+00 9.402946506947920113e+00 4.000000000000000000e+00 8.087114674642078782e+00
1.872562633658963679e-02 -2.097848332984669426e-02 4.821839376598661131e-01 4.803484563305393529e-01 2.050389999999999990e-01 1.532986145032720626e-01 1.222791220775587107e+00 9.402946506947920113e+00 4.000000000000000000e+00 8.058255482991576457e+00
3.334702707268731581e-03 3.977294902467555515e-02 5.225117196012386556e-01 5.375125865059898755e-01 2.210889999999999800e-01 2.408657282732405980e-01 1.268648084629432793e+00 9.402946506947920113e+00 4.000000000000000000e+00 8.059323675957097421e+00
6.428850536846560104e-02 6.226936379358177787e-02 5.129819822452261757e-01 4.933665027525656610e-01 2.090664999999999885e-01 1.459822594947293439e-01 1.218548038217642349e+00 9.402946506947920113e+00 4.000000000000000000e+00 8.062315472378372760e+00
-1.809185274215276140e-02 7.385009518871539502e-02 5.014392389251479676e-01 4.991753604239122510e-01 2.102350000000000052e-01 2.336573031610502116e-01 1.244072691282903431e+00 9.402946506947920113e+00 4.000000000000000000e+00 8.069261304871417906e+00
-4.161023530621413280e-02 -5.964168479651399402e-02 4.893516011411758182e-01 5.324958880517206561e-01 2.177999999999999936e-01 1.323314418052718433e-01 1.229704417599456923e+00 9.402946506947920113e+00 4.000000000000000000e+00 8.061799107986734825e+00
7.872536234950570921e-02 -8.365733315595922856e-03 4.797814996443301450e-01 5.014694632011209574e-01 2.057065000000000143e-01 1.066643099047641791e-01 1.293776269277630675e+00 9.402946506947920113e+00 4.000000000000000000e+00 8.056508063251804685e+00
-3.979530404939225080e-02 -4.510508409213868225e-02 5.009570546810494518e-01 4.887248696986282726e-01 2.180134999999999990e-01 1.106467832045573280e-01 1.197070351769740082e+00 9.402946506947920113e+00 4.000000000000000000e+00 8.066719846522392601e+00
-1.091600721197578533e-01 -4.903135841362413205e-03 4.931848515279299017e-01 4.848718792996010163e-01 2.153085000000000138e-01 1.662863273948799459e-01 1.689953311964448979e+00 9.402946506947920113e+00 4.000000000000000000e+00 8.108725566917662775e+00
2.696389909115510380e-02 -2.609142470573832737e-02 4.789284175196538151e-01 5.164648725922392769e-01 1.997840000000000171e-01 1.323251455094260343e-01 1.313169441254019798e+00 9.402946506947920113e+00 4.000000000000000000e+00 8.066431918726827632e+00
5.339957976831515712e-02 3.766253541979577846e-02 4.934131963459433279e-01 4.813720268133838687e-01 2.075039999999999940e-01 1.453449478653964233e-01 1.272249504774197959e+00 9.402946506947920113e+00 4.000000000000000000e+00 8.064995560484959469e+00
-4.480701631055888923e-02 2.958747520272562298e-02 4.924597202039489030e-01 5.205824062153382448e-01 2.139554999999999929e-01 1.397299946724253339e-01 1.233407376136063771e+00 9.402946506947920113e+00 4.000000000000000000e+00 8.067485558690492553e+00
3.561635483398249702e-02 1.092906362086870087e-01 4.923588511279768931e-01 4.602826644935981149e-01 1.987220000000000097e-01 4.260075215724525022e-02 1.274733257952349819e+00 9.402946506947920113e+00 4.000000000000000000e+00 8.069906157325370089e+00
1.495994075816393758e-02 -1.809146035850913575e-02 5.073950397231770104e-01 5.121252484139448002e-01 2.025635000000000074e-01 3.494965009248040405e-02 1.213490003111200366e+00 9.402946506947920113e+00 4.000000000000000000e+00 8.065634547637369423e+00
-2.195890863618900173e-03 9.779515257013485924e-03 4.891143563932272009e-01 5.225515735541318429e-01 2.499939999999999940e-01 3.572705551514310796e-01 1.424038904277124207e+00 9.402946506947920113e+00 4.000000000000000000e+00 8.082314143680617846e+00
-9.237381143366686642e-02 -1.607522408095432218e-02 4.653823210541802036e-01 4.989054476457860932e-01 2.432455000000000034e-01 1.548982929066387848e-01 1.653104350662697231e+00 9.402946506947920113e+00 4.000000000000000000e+00 8.101381466730220637e+00
-3.429744773143042491e-02 -2.846370885985653743e-02 5.283544910329875943e-01 4.933287107232591784e-01 2.110964999999999925e-01 1.287155141288452986e-01 1.267766521001908231e+00 9.402946506947920113e+00 4.000000000000000000e+00 8.065529120189788514e+00
