[INFO] [1621784662.286801, 734.922500]: /RL_client_10714_1621769015512got reward -1.3824750355548512
[INFO] [1621784662.289771, 734.922500]: /RL_client_10714_1621769015512got action [ 0.29483086 -1.47062001 -0.59486784  0.39941239 -0.36481109  0.01435837]
[INFO] [1621784662.295840, 734.922500]: /RL_client_10714_1621769015512begin service
(24,)
[INFO] [1621784672.642706, 736.350000]: /RL_client_10714_1621769015512got state [ 0.7758374   0.4732476   1.          0.82016963  1.          1.
  0.47351429  0.18444114  0.5         0.5         0.70477765  0.66921638
  0.71277938  0.22841941  0.2813633   0.29801594  0.00253019  0.06840839
 -0.08        0.1        -0.0505143   0.2        -0.12        0.12      ]
[INFO] [1621784672.647176, 736.350000]: /RL_client_10714_1621769015512got reward 5.001581276507656
[INFO] [1621784672.649810, 736.350000]: /RL_client_10714_1621769015512got action [ 0.27762862 -0.0437701  -1.56574617 -0.19360172  0.39835129 -0.31785026]
[INFO] [1621784672.662148, 736.350000]: /RL_client_10714_1621769015512begin service
(24,)
[INFO] [1621784681.423483, 736.819500]: /RL_client_10714_1621769015512got state [ 0.7758374   0.4732476   1.          0.82016963  1.          1.
  0.47351429  0.18444114  0.5         0.5         0.70477765  0.66921638
  0.74767659  0.22841941  0.27220221  0.29801594  0.00253019  0.06840839
 -0.08        0.1         0.08       -0.05486283  0.12       -0.03473874]
[INFO] [1621784681.428967, 736.819500]: /RL_client_10714_1621769015512got reward 5.009583345514355
[INFO] [1621784681.432014, 736.819500]: /RL_client_10714_1621769015512got action [ 0.16340965 -0.83708558 -1.06073672  0.22473788 -0.18142375  0.12646458]
[INFO] [1621784681.448040, 736.819500]: /RL_client_10714_1621769015512begin service
(24,)
[INFO] [1621784691.546502, 737.941000]: /RL_client_10714_1621769015512got state [ 0.7758374   0.4732476   1.          0.82016963  1.          1.
  0.47351429  0.18444114  0.5         0.5         0.74048084  0.67898797
  0.74767659  0.22841941  0.27220221  0.29801594  0.00187848  0.06840839
 -0.08        0.1         0.08        0.07597888 -0.0579721   0.12      ]
[INFO] [1621784691.550040, 737.941000]: /RL_client_10714_1621769015512got reward 11.218330681427425
[INFO] [1621784691.553324, 737.941000]: /RL_client_10714_1621769015512got action [-0.29312502 -0.37918968  0.36578066 -0.39956346 -0.14354297  0.39480138]
[INFO] [1621784691.567363, 737.941000]: /RL_client_10714_1621769015512begin service
(24,)
[INFO] [1621784702.662495, 739.649000]: /RL_client_10714_1621769015512got state [ 0.7758374   0.4732476   1.          0.82016963  1.          1.
  0.47351429  0.18444114  0.49434875  0.61276295  0.74048084  0.67898797
  0.74767659  0.22841941  0.27220221  0.29900783  0.00187848  0.06840839
  0.02132725  0.1        -0.08        0.2        -0.12       -0.12      ]
[INFO] [1621784702.667249, 739.649000]: /RL_client_10714_1621769015512got reward 8.020277089261477
[INFO] [1621784702.670035, 739.649000]: /RL_client_10714_1621769015512got action [ 0.26982778 -1.56488252 -0.77573649  0.39683108 -0.03995402 -0.36702437]
[INFO] [1621784702.678140, 739.649000]: /RL_client_10714_1621769015512begin service
(24,)
[INFO] [1621784713.471421, 741.110000]: /RL_client_10714_1621769015512got state [ 0.7758374   0.4732476   1.          0.91522715  1.          1.
  0.47351429  0.18444114  0.49434875  0.61276295  0.74048084  0.67898797
  0.74767659  0.22841941  0.27220221  0.29900783  0.00187848  0.06840839
 -0.08        0.1        -0.0784043  -0.16609086 -0.12        0.12      ]
[INFO] [1621784713.476270, 741.110000]: /RL_client_10714_1621769015512got reward 5.094205051403348
[INFO] [1621784713.478789, 741.110000]: /RL_client_10714_1621769015512got action [ 0.27601081 -0.64922875 -0.71274939 -0.2980125   0.39135377 -0.04352487]
[INFO] [1621784713.485351, 741.110000]: /RL_client_10714_1621769015512begin service
(24,)
[INFO] [1621784722.803984, 741.780500]: /RL_client_10714_1621769015512got state [ 0.7758374   0.4732476   1.          0.91522715  1.          1.
  0.41919586  0.18444114  0.49434875  0.61276295  0.74048084  0.67898797
  0.74767659  0.22841941  0.27220221  0.29900783  0.00187848  0.06840839
 -0.08        0.1         0.08       -0.16013854  0.12       -0.12      ]
[INFO] [1621784722.807886, 741.780500]: /RL_client_10714_1621769015512got reward -1.0075638826506852
[INFO] [1621784722.810231, 741.780500]: /RL_client_10714_1621769015512got action [ 0.28035479  1.42428965  1.55173959  0.26806366 -0.1093443   0.39424784]
[INFO] [1621784722.823730, 741.780500]: /RL_client_10714_1621769015512begin service
(24,)
[INFO] [1621784732.728297, 742.641000]: /RL_client_10714_1621769015512got state [ 0.7758374   0.4732476   1.          0.91522715  1.          1.
  0.41919586  0.18444114  0.49434875  0.61276295  0.74048084  0.67898797
  0.74767659  0.22841941  0.27220221  0.29900783  0.00187848  0.06840839
 -0.07471491  0.1         0.08        0.2         0.04770372  0.12      ]
[INFO] [1621784732.733136, 742.641000]: /RL_client_10714_1621769015512got reward 71.04619023130273
[INFO] [1621784732.735552, 742.641000]: /RL_client_10714_1621769015512got action [ 0.29828564 -1.44114796  1.19145136 -0.29642007  0.11894759 -0.27594399]
[INFO] [1621784732.743587, 742.641000]: /RL_client_10714_1621769015512begin service
(24,)
[INFO] [1621784742.324661, 743.260000]: /RL_client_10714_1621769015512got state [ 0.7758374   1.          1.          0.91522715  1.          1.
  0.23595726  0.18444114  0.49434875  0.61276295  0.74048084  0.67898797
  0.74767659  0.22841941  0.27220221  0.29900783  0.00187848  0.06840839
 -0.08       -0.1         0.08       -0.06238896  0.12       -0.12      ]
[INFO] [1621784742.328944, 743.260000]: /RL_client_10714_1621769015512got reward 0.3621983194698233
[INFO] [1621784742.331434, 743.260000]: /RL_client_10714_1621769015512got action [-0.11938224  0.79395956  1.23616467  0.39149737  0.06133831  0.2261405 ]
[INFO] [1621784742.346359, 743.260000]: /RL_client_10714_1621769015512begin service
(24,)
[INFO] [1621784772.693305, 743.840500]: /RL_client_10714_1621769015512got state [ 7.75837402e-01  1.00000000e+00  1.00000000e+00  9.15227149e-01
  1.00000000e+00  1.00000000e+00  2.35957262e-01  1.84441141e-01
  4.94348747e-01  6.12762949e-01  7.40480844e-01  6.78987967e-01
  7.47676585e-01  2.28419412e-01  2.72202206e-01  2.99007831e-01
  7.21552250e-04  6.84083939e-02 -8.00000000e-02 -1.00000000e-01
 -3.69019064e-03  1.58850170e-01  1.20000000e-01  1.20000000e-01]
[INFO] [1621784772.699652, 743.840500]: /RL_client_10714_1621769015512got reward -0.5695188992806739
[INFO] [1621784772.703634, 743.840500]: /RL_client_10714_1621769015512got action [ 0.23365833 -1.24547806  1.48122282 -0.32337506  0.17949136  0.3652817 ]
total_rewards: 867.2005652068765
episode: 17
[INFO] [1621784772.717487, 743.840500]: /RL_client_10714_1621769015512begin service
[INFO] [1621784829.793594, 778.463500]: /RL_client_10714_1621769015512begin service
(24,)
[INFO] [1621784840.002157, 779.969500]: /RL_client_10714_1621769015512got state [0.   0.   0.   0.   0.   0.   0.5  0.5  0.28 0.28 0.5  0.5  0.5  0.5
 0.5  0.5  0.5  0.5  0.   0.   0.   0.   0.   0.  ]
[INFO] [1621784840.005397, 779.969500]: /RL_client_10714_1621769015512got reward 450.2112875885736
[INFO] [1621784840.007662, 779.969500]: /RL_client_10714_1621769015512got action [ 0.28495799 -1.44098635 -0.33713217  0.3795511  -0.33304319  0.20185745]
[INFO] [1621784840.018718, 779.969500]: /RL_client_10714_1621769015512begin service
(24,)
[INFO] [1621784848.967506, 780.765000]: /RL_client_10714_1621769015512got state [ 0.5         0.46732974  0.23054121  0.5         0.5         0.5
  0.5         0.5         0.5         0.5         0.79521258  0.69779091
  0.5         0.5         0.30742455  0.31287356  0.00356618  0.07961649
 -0.08        0.09346595  0.03688659  0.2        -0.12        0.12      ]
[INFO] [1621784848.972214, 780.765000]: /RL_client_10714_1621769015512got reward 116.74226116365223
[INFO] [1621784848.974977, 780.765000]: /RL_client_10714_1621769015512got action [ 0.28648653 -0.76138615 -0.04132723  0.37595673  0.39290116 -0.39466395]
[INFO] [1621784848.983708, 780.765000]: /RL_client_10714_1621769015512begin service
(24,)
[INFO] [1621784858.475946, 781.782500]: /RL_client_10714_1621769015512got state [ 0.5         0.46732974  0.26945879  0.8237074   1.          0.5
  0.5         0.5         0.5         0.5         0.79521258  0.69779091
  0.75498499  0.46388786  0.29955725  0.31287356  0.00356618  0.07961649
 -0.08        0.1         0.08       -0.12948296  0.12        0.12      ]
[INFO] [1621784858.480065, 781.782500]: /RL_client_10714_1621769015512got reward 74.13490215968436
[INFO] [1621784858.482949, 781.782500]: /RL_client_10714_1621769015512got action [-0.29868397  0.41654169  0.75754837 -0.1588292  -0.37431211  0.30519376]
[INFO] [1621784858.494023, 781.782500]: /RL_client_10714_1621769015512begin service
(24,)
[INFO] [1621784868.814584, 783.309500]: /RL_client_10714_1621769015512got state [ 0.5         0.46732974  1.          0.8237074   1.          0.50952126
  0.5         0.5         0.5         0.5         0.79521258  0.69779091
  0.75498499  0.46388786  0.29916295  0.31287356  0.00356618  0.07961649
 -0.08        0.01696049 -0.08        0.11720128 -0.12       -0.0022851 ]
[INFO] [1621784868.817979, 783.309500]: /RL_client_10714_1621769015512got reward 2.9758882981835812
[INFO] [1621784868.820644, 783.309500]: /RL_client_10714_1621769015512got action [ 0.28820543 -0.20469275  0.32154975  0.10228602  0.39967692 -0.31473072]
[INFO] [1621784868.834510, 783.309500]: /RL_client_10714_1621769015512begin service
(24,)
[INFO] [1621785498.870400, 785.331500]: /RL_client_10714_1621769015512got state [ 0.5         0.46732974  1.          0.8237074   1.          0.50952126
  0.5         0.5         0.5         0.5         0.79521258  0.69779091
  0.75498499  0.43350004  0.29504281  0.31287356  0.00356618  0.07961649
 -0.08       -0.00155375  0.08       -0.18544163  0.12        0.12      ]
[INFO] [1621785498.876861, 785.331500]: /RL_client_10714_1621769015512got reward 302.9230982653185
[INFO] [1621785498.881499, 785.331500]: /RL_client_10714_1621769015512got action [-0.29577876 -0.97660716 -0.41257851 -0.33710461 -0.33952787  0.33064761]
total_rewards: 946.9874374754122
episode: 18
[INFO] [1621785498.896397, 785.331500]: /RL_client_10714_1621769015512begin service
[INFO] [1621785556.702562, 820.174000]: /RL_client_10714_1621769015512begin service
(24,)
[INFO] [1621785567.124668, 821.711000]: /RL_client_10714_1621769015512got state [0.   0.   0.   0.   0.   0.   0.5  0.5  0.28 0.28 0.5  0.5  0.5  0.5
 0.5  0.5  0.5  0.5  0.   0.   0.   0.   0.   0.  ]
[INFO] [1621785567.128336, 821.711000]: /RL_client_10714_1621769015512got reward 475.57659575280525
[INFO] [1621785567.130482, 821.711000]: /RL_client_10714_1621769015512got action [ 0.2974281  -0.9501769   0.75817933  0.35012286 -0.36373658  0.31623657]
[INFO] [1621785567.145908, 821.711000]: /RL_client_10714_1621769015512begin service
(24,)
[INFO] [1621785577.419959, 823.132500]: /RL_client_10714_1621769015512got state [ 5.00000000e-01  5.00000000e-01  5.00000000e-01  5.00000000e-01
  5.00000000e-01  5.00000000e-01  5.00000000e-01  5.00000000e-01
  5.00000000e-01  5.00000000e-01  6.20372758e-01  7.97629677e-01
  5.00000000e-01  5.00000000e-01  2.93129318e-01  3.02231479e-01
  3.84450107e-04  8.09643631e-02 -8.00000000e-02 -1.00000000e-01
  8.00000000e-02  2.00000000e-01 -1.20000000e-01  1.20000000e-01]
[INFO] [1621785577.423446, 823.132500]: /RL_client_10714_1621769015512got reward 162.10055388551189
[INFO] [1621785577.426217, 823.132500]: /RL_client_10714_1621769015512got action [ 0.29469582 -1.31597171 -1.54510061  0.16183443  0.39669275 -0.39039779]
[INFO] [1621785577.447455, 823.132500]: /RL_client_10714_1621769015512begin service
(24,)
[INFO] [1621785587.077682, 824.213500]: /RL_client_10714_1621769015512got state [ 5.00000000e-01  1.00000000e+00  5.00000000e-01  8.11818716e-01
  1.00000000e+00  5.00000000e-01  5.00000000e-01  5.00000000e-01
  5.00000000e-01  5.00000000e-01  6.75527017e-01  7.97629677e-01
  6.97317133e-01  4.52032714e-01  2.89305263e-01  3.02231479e-01
  3.84450107e-04  8.09643631e-02 -8.00000000e-02  1.00000000e-01
  8.00000000e-02 -1.24727486e-01  1.20000000e-01  1.20000000e-01]
[INFO] [1621785587.083498, 824.213500]: /RL_client_10714_1621769015512got reward 160.0917229248416
[INFO] [1621785587.086669, 824.213500]: /RL_client_10714_1621769015512got action [-0.29804183 -1.01043308 -1.11219092 -0.39711366 -0.22434828 -0.37309778]
[INFO] [1621785587.098033, 824.213500]: /RL_client_10714_1621769015512begin service
(24,)
[INFO] [1621785597.940886, 825.807000]: /RL_client_10714_1621769015512got state [ 6.98522006e-01  1.00000000e+00  9.90046382e-01  8.11818716e-01
  1.00000000e+00  1.00000000e+00  2.49144560e-01  3.93832373e-01
  5.00000000e-01  5.00000000e-01  6.75527017e-01  7.97629677e-01
  6.97317133e-01  4.13454448e-01  2.89305263e-01  3.13618685e-01
  3.84450107e-04  8.09643631e-02  3.17635209e-02 -1.00000000e-01
 -7.84074212e-02 -2.00000000e-01 -6.84176474e-02 -1.20000000e-01]
[INFO] [1621785597.945015, 825.807000]: /RL_client_10714_1621769015512got reward 5.75367790101714
[INFO] [1621785597.947822, 825.807000]: /RL_client_10714_1621769015512got action [ 0.29760214  1.03524207 -1.26161861  0.08750093  0.30358729  0.39809611]
[INFO] [1621785597.962836, 825.807000]: /RL_client_10714_1621769015512begin service
(24,)
[INFO] [1621785932.874938, 826.373000]: /RL_client_10714_1621769015512got state [ 6.98522006e-01  1.00000000e+00  9.90046382e-01  8.81438533e-01
  1.00000000e+00  1.00000000e+00  2.49144560e-01  3.93832373e-01
  5.00000000e-01  5.00000000e-01  6.75527017e-01  7.97629677e-01
  6.97317133e-01  4.13454448e-01  2.89305263e-01  3.13618685e-01
  3.84450107e-04  8.09643631e-02  8.00000000e-02 -1.00000000e-01
  7.34642400e-02  1.52575413e-01  1.20000000e-01 -5.52764877e-02]
[INFO] [1621785932.881360, 826.373000]: /RL_client_10714_1621769015512got reward 155.0531357368125
[INFO] [1621785932.885394, 826.373000]: /RL_client_10714_1621769015512got action [-0.03071241 -1.52101302  0.79961128 -0.04854366 -0.33733921  0.36759636]
total_rewards: 958.5756862009883
episode: 19
[INFO] [1621785932.899698, 826.373000]: /RL_client_10714_1621769015512begin service
[INFO] [1621785990.850166, 861.236000]: /RL_client_10714_1621769015512begin service
(24,)
[INFO] [1621786001.114321, 862.723000]: /RL_client_10714_1621769015512got state [0.   0.   0.   0.   0.   0.   0.5  0.5  0.28 0.28 0.5  0.5  0.5  0.5
 0.5  0.5  0.5  0.5  0.   0.   0.   0.   0.   0.  ]
[INFO] [1621786001.118837, 862.723000]: /RL_client_10714_1621769015512got reward 436.8826098140828
[INFO] [1621786001.121537, 862.723000]: /RL_client_10714_1621769015512got action [ 0.28261884 -1.52170251 -0.79693492  0.33709722 -0.38909664  0.38107255]
[INFO] [1621786001.129596, 862.723000]: /RL_client_10714_1621769015512begin service
(24,)
[INFO] [1621786011.171644, 864.082500]: /RL_client_10714_1621769015512got state [ 0.5         0.5         0.0866829   0.5         0.5         0.5
  0.5         0.5         0.5         0.5         0.78752529  0.65954562
  0.5         0.5         0.30573029  0.31088151  0.00236753  0.06066379
 -0.08        0.1         0.01386926  0.2        -0.12        0.12      ]
[INFO] [1621786011.175246, 864.082500]: /RL_client_10714_1621769015512got reward 154.01156202501025
[INFO] [1621786011.177677, 864.082500]: /RL_client_10714_1621769015512got action [ 0.15092407 -0.72415746 -1.52876953  0.34703145  0.36777003 -0.39551537]
[INFO] [1621786011.189982, 864.082500]: /RL_client_10714_1621769015512begin service
(24,)
[INFO] [1621786019.900821, 864.715000]: /RL_client_10714_1621769015512got state [ 0.5         0.5         0.4133171   0.83655235  1.          0.5
  0.5         0.5         0.5         0.5         0.79712494  0.65954562
  0.77395328  0.42167425  0.29635401  0.31088151  0.00236753  0.06066379
 -0.08        0.1         0.08       -0.13462094  0.12        0.12      ]
[INFO] [1621786019.905733, 864.715000]: /RL_client_10714_1621769015512got reward 67.2031576244919
[INFO] [1621786019.908571, 864.715000]: /RL_client_10714_1621769015512got action [-0.29810053 -1.52764311  1.41514358 -0.38979774  0.12979771  0.27742827]
[INFO] [1621786019.931674, 864.715000]: /RL_client_10714_1621769015512begin service
(24,)
[INFO] [1621786030.389336, 866.112500]: /RL_client_10714_1621769015512got state [ 0.5         0.5         0.4133171   0.83655235  1.          1.
  0.49295226  0.36985835  0.5         0.5         0.79712494  0.65954562
  0.77395328  0.38820244  0.29415118  0.31088151  0.00236753  0.06066379
 -0.03382999  0.1         0.06714     0.16126747  0.12       -0.12      ]
[INFO] [1621786030.392797, 866.112500]: /RL_client_10714_1621769015512got reward 26.451358713992196
[INFO] [1621786030.395041, 866.112500]: /RL_client_10714_1621769015512got action [-0.27139106  1.37041362 -0.90230445 -0.32744203 -0.33765764  0.21821923]
[INFO] [1621786030.409989, 866.112500]: /RL_client_10714_1621769015512begin service
(24,)
[INFO] [1621786040.773260, 867.395500]: /RL_client_10714_1621769015512got state [ 0.5         0.5         0.4133171   0.83655235  1.          1.
  0.49295226  0.36985835  0.47508423  0.7374749   0.79712494  0.65954562
  0.77395328  0.38820244  0.29415118  0.31088151  0.00236753  0.06066379
 -0.08        0.1         0.01312113  0.2        -0.12       -0.12      ]
[INFO] [1621786040.776188, 867.395500]: /RL_client_10714_1621769015512got reward 66.82377432787983
[INFO] [1621786040.778772, 867.395500]: /RL_client_10714_1621769015512got action [ 0.25192083  1.03443822 -0.20718189  0.10189779  0.32395887 -0.38370206]
[INFO] [1621786040.792090, 867.395500]: /RL_client_10714_1621769015512begin service
(24,)
[INFO] [1621786052.426462, 869.354500]: /RL_client_10714_1621769015512got state [ 1.          0.5         0.41799296  1.          1.          1.
  0.49295226  0.36985835  0.47508423  0.7374749   0.79712494  0.65954562
  0.77395328  0.38820244  0.29415118  0.32513681  0.00236753  0.06066379
  0.08        0.05545608  0.08       -0.2         0.12        0.03553099]
[INFO] [1621786052.431345, 869.354500]: /RL_client_10714_1621769015512got reward 11.890363244065881
[INFO] [1621786052.434253, 869.354500]: /RL_client_10714_1621769015512got action [-0.29949102  1.53743993 -1.08839333 -0.2627768  -0.37706988  0.19051131]
[INFO] [1621786052.450022, 869.354500]: /RL_client_10714_1621769015512begin service
(24,)
[INFO] [1621786828.845224, 870.675500]: /RL_client_10714_1621769015512got state [ 1.          0.5         0.41799296  1.          1.          1.
  0.49295226  0.36985835  0.41035954  0.79610125  0.79712494  0.65954562
  0.77395328  0.38820244  0.29415118  0.32513681  0.00236753  0.06066379
 -0.05885938  0.1         0.07001191 -0.03041459 -0.12       -0.12      ]
[INFO] [1621786828.852113, 870.675500]: /RL_client_10714_1621769015512got reward 142.82825592030485
[INFO] [1621786828.856854, 870.675500]: /RL_client_10714_1621769015512got action [-0.28976653 -1.42048294 -0.48188577 -0.39200115  0.39683197  0.35765092]
total_rewards: 906.0910816698276
episode: 20
[INFO] [1621786828.874360, 870.675500]: /RL_client_10714_1621769015512begin service
[INFO] [1621786889.680012, 906.697500]: /RL_client_10714_1621769015512begin service
(24,)
[INFO] [1621786899.753703, 908.113500]: /RL_client_10714_1621769015512got state [0.   0.   0.   0.   0.   0.   0.5  0.5  0.28 0.28 0.5  0.5  0.5  0.5
 0.5  0.5  0.5  0.5  0.   0.   0.   0.   0.   0.  ]
[INFO] [1621786899.757473, 908.113500]: /RL_client_10714_1621769015512got reward 374.2194628605391
[INFO] [1621786899.759568, 908.113500]: /RL_client_10714_1621769015512got action [ 0.29740695 -1.55071331  0.00654013  0.37424924 -0.37718241  0.3465055 ]
[INFO] [1621786899.773966, 908.113500]: /RL_client_10714_1621769015512begin service
(24,)
[INFO] [1621786909.556850, 909.430500]: /RL_client_10714_1621769015512got state [ 0.5         0.00972336  0.03732767  0.5         0.5         0.5
  0.5         0.5         0.5         0.5         0.65567317  0.63349422
  0.5         0.5         0.25560332  0.2610261   0.00246305  0.08506449
 -0.08       -0.00194467  0.00597243  0.2        -0.12        0.12      ]
[INFO] [1621786909.560721, 909.430500]: /RL_client_10714_1621769015512got reward 164.37035900198697
[INFO] [1621786909.563279, 909.430500]: /RL_client_10714_1621769015512got action [ 0.24116292 -1.54020024 -1.19041563  0.3710052   0.38824077 -0.38378007]
[INFO] [1621786909.569295, 909.430500]: /RL_client_10714_1621769015512begin service
(24,)
[INFO] [1621786918.571862, 910.219000]: /RL_client_10714_1621769015512got state [ 5.00000000e-01  5.09723363e-01  4.61093217e-02  7.99568180e-01
  1.00000000e+00  5.00000000e-01  5.00000000e-01  5.00000000e-01
  5.00000000e-01  5.00000000e-01  6.70678554e-01  6.33494217e-01
  6.83611373e-01  3.75526087e-01  2.50875681e-01  2.61026102e-01
  6.98926000e-04  8.50644927e-02 -8.00000000e-02  1.00000000e-01
  1.33499193e-02 -1.19827272e-01  1.20000000e-01  1.20000000e-01]
[INFO] [1621786918.576048, 910.219000]: /RL_client_10714_1621769015512got reward 114.22408801612562
[INFO] [1621786918.578704, 910.219000]: /RL_client_10714_1621769015512got action [-0.297315    0.29598087 -0.10792251 -0.37280769 -0.35036776  0.36748259]
[INFO] [1621786918.586292, 910.219000]: /RL_client_10714_1621769015512begin service
(24,)
[INFO] [1621786929.021370, 911.758000]: /RL_client_10714_1621769015512got state [ 5.00000000e-01  5.09723363e-01  5.83436996e-01  7.99568180e-01
  1.00000000e+00  1.00000000e+00  5.00000000e-01  5.00000000e-01
  4.82258043e-01  5.90758674e-01  6.70678554e-01  6.33494217e-01
  6.83611373e-01  3.75526087e-01  2.48966676e-01  2.61026102e-01
  6.98926000e-04  8.50644927e-02 -8.00000000e-02  1.00000000e-01
 -8.00000000e-02  1.90714079e-01 -1.20000000e-01 -1.20000000e-01]
[INFO] [1621786929.025487, 911.758000]: /RL_client_10714_1621769015512got reward 55.0592278505466
[INFO] [1621786929.027691, 911.758000]: /RL_client_10714_1621769015512got action [ 0.2763792  -0.8787716  -1.01036214  0.3951556   0.36664624 -0.35031474]
[INFO] [1621786929.048784, 911.758000]: /RL_client_10714_1621769015512begin service
(24,)
[INFO] [1621786938.229998, 912.518500]: /RL_client_10714_1621769015512got state [ 5.00000000e-01  5.09723363e-01  1.00000000e+00  9.45510439e-01
  1.00000000e+00  1.00000000e+00  5.00000000e-01  5.00000000e-01
  4.82258043e-01  5.90758674e-01  6.70678554e-01  6.33494217e-01
  6.83611373e-01  3.75526087e-01  2.48966676e-01  2.61026102e-01
  6.98926000e-04  8.50644927e-02 -8.00000000e-02  1.00000000e-01
  8.00000000e-02 -1.87490097e-01  1.20000000e-01  1.20000000e-01]
[INFO] [1621786938.234760, 912.518500]: /RL_client_10714_1621769015512got reward 69.20419798521516
[INFO] [1621786938.237232, 912.518500]: /RL_client_10714_1621769015512got action [-0.27375296 -0.57090139 -1.52559943 -0.39893615  0.29810989  0.38284652]
[INFO] [1621786938.259525, 912.518500]: /RL_client_10714_1621769015512begin service
(24,)
[INFO] [1621786947.214823, 913.138500]: /RL_client_10714_1621769015512got state [ 5.00000000e-01  7.38912421e-01  1.00000000e+00  9.68725243e-01
  1.00000000e+00  1.00000000e+00  3.12664344e-01  2.69257592e-01
  4.82258043e-01  5.90758674e-01  6.70678554e-01  6.33494217e-01
  6.83611373e-01  3.62336083e-01  2.48966676e-01  2.61026102e-01
  6.98926000e-04  8.50644927e-02 -7.33161390e-02 -4.77824841e-02
 -8.00000000e-02  2.00000000e-01  1.20000000e-01 -1.20000000e-01]
[INFO] [1621786947.219787, 913.138500]: /RL_client_10714_1621769015512got reward -0.14664739297180696
[INFO] [1621786947.222672, 913.138500]: /RL_client_10714_1621769015512got action [ 0.08385859 -0.92737359  0.16683333  0.18690681 -0.37701631  0.39293375]
[INFO] [1621786947.229332, 913.138500]: /RL_client_10714_1621769015512begin service
(24,)
[INFO] [1621786957.412970, 914.470000]: /RL_client_10714_1621769015512got state [ 5.00000000e-01  7.38912421e-01  1.00000000e+00  9.68725243e-01
  1.00000000e+00  1.00000000e+00  3.12664344e-01  2.69257592e-01
  4.82258043e-01  5.90758674e-01  6.70678554e-01  6.33494217e-01
  6.83611373e-01  3.62336083e-01  2.47422525e-01  2.61026102e-01
  6.98926000e-04  8.50644927e-02 -8.00000000e-02 -5.89236165e-02
 -2.96901069e-02  2.00000000e-01 -1.20000000e-01  1.20000000e-01]
[INFO] [1621786957.418833, 914.470000]: /RL_client_10714_1621769015512got reward 5.528627259273517
[INFO] [1621786957.421495, 914.470000]: /RL_client_10714_1621769015512got action [ 0.29192181 -1.48026438 -0.97453615 -0.09621817  0.20036609  0.36580892]
[INFO] [1621786957.433886, 914.470000]: /RL_client_10714_1621769015512begin service
(24,)
[INFO] [1621786967.599649, 915.597500]: /RL_client_10714_1621769015512got state [ 5.00000000e-01  7.94618083e-01  1.00000000e+00  9.68725243e-01
  1.00000000e+00  1.00000000e+00  3.12664344e-01  2.69257592e-01
  4.82258043e-01  5.90758674e-01  6.70678554e-01  6.33494217e-01
  6.83611373e-01  3.62336083e-01  2.46716039e-01  2.61026102e-01
  6.98926000e-04  8.50644927e-02 -8.00000000e-02  1.00000000e-01
 -3.29794434e-03  2.00000000e-01  4.49729570e-02 -2.79302640e-02]
[INFO] [1621786967.603840, 915.597500]: /RL_client_10714_1621769015512got reward 57.82505724298295
[INFO] [1621786967.606374, 915.597500]: /RL_client_10714_1621769015512got action [ 0.29797313  0.68992292 -0.4635526   0.29777346 -0.23253727  0.23107758]
[INFO] [1621786967.613282, 915.597500]: /RL_client_10714_1621769015512begin service
(24,)
[INFO] [1621786977.730424, 916.632500]: /RL_client_10714_1621769015512got state [ 1.00000000e+00  7.94618083e-01  1.00000000e+00  9.68725243e-01
  1.00000000e+00  1.00000000e+00  3.12664344e-01  2.69257592e-01
  4.82258043e-01  5.90758674e-01  6.91381396e-01  6.72343765e-01
  6.83611373e-01  3.62336083e-01  2.46716039e-01  2.83346957e-01
  6.98926000e-04  8.50644927e-02  8.00000000e-02  1.52005995e-02
  8.00000000e-02  2.00000000e-01 -1.20000000e-01  1.20000000e-01]
[INFO] [1621786977.734210, 916.632500]: /RL_client_10714_1621769015512got reward 9.690848615320807
[INFO] [1621786977.736768, 916.632500]: /RL_client_10714_1621769015512got action [ 0.24216675 -1.27057247 -1.52347668  0.00635564 -0.03075684  0.39205022]
[INFO] [1621786977.743321, 916.632500]: /RL_client_10714_1621769015512begin service
(24,)
[INFO] [1621786987.093534, 917.278500]: /RL_client_10714_1621769015512got state [ 1.00000000e+00  7.94618083e-01  1.00000000e+00  9.68725243e-01
  1.00000000e+00  1.00000000e+00  3.12664344e-01  2.69257592e-01
  4.82258043e-01  5.90758674e-01  7.19980617e-01  7.33936916e-01
  6.83611373e-01  3.62336083e-01  2.46716039e-01  2.87793074e-01
  6.98926000e-04  8.50644927e-02  6.90574085e-02  1.00000000e-01
  8.00000000e-02  2.00000000e-01 -1.20000000e-01  7.16374955e-02]
[INFO] [1621786987.098555, 917.278500]: /RL_client_10714_1621769015512got reward -0.42506834867263277
[INFO] [1621786987.101469, 917.278500]: /RL_client_10714_1621769015512got action [-0.00539501 -0.38586998 -0.42367323 -0.29501145  0.21404209 -0.29351876]
[INFO] [1621786987.108887, 917.278500]: /RL_client_10714_1621769015512begin service
(24,)
[INFO] [1621786996.938779, 918.138500]: /RL_client_10714_1621769015512got state [ 1.00000000e+00  7.94618083e-01  1.00000000e+00  9.68725243e-01
  1.00000000e+00  1.00000000e+00  3.12664344e-01  2.69257592e-01
  4.82258043e-01  5.90758674e-01  7.19980617e-01  7.33936916e-01
  6.83611373e-01  3.62336083e-01  2.46716039e-01  2.87793074e-01
  6.98926000e-04  8.50644927e-02  7.09083757e-02  9.91652405e-02
  7.50016806e-02 -7.20254943e-02  1.18734997e-01 -1.20000000e-01]
[INFO] [1621786996.941897, 918.138500]: /RL_client_10714_1621769015512got reward -0.5343065179041302
[INFO] [1621786996.943975, 918.138500]: /RL_client_10714_1621769015512got action [ 0.07174158 -1.16728975  1.04222458  0.3143456  -0.38792133  0.14100789]
[INFO] [1621786996.958280, 918.138500]: /RL_client_10714_1621769015512begin service
(24,)
[INFO] [1621787006.348650, 918.917500]: /RL_client_10714_1621769015512got state [ 1.00000000e+00  7.94618083e-01  1.00000000e+00  9.68725243e-01
  1.00000000e+00  1.00000000e+00  3.12664344e-01  2.69257592e-01
  4.82258043e-01  5.90758674e-01  7.19980617e-01  7.33936916e-01
  6.83611373e-01  3.62336083e-01  2.46716039e-01  2.87793074e-01
  6.98926000e-04  8.50644927e-02  3.76346272e-02  4.21896477e-02
  8.00000000e-02  1.09075572e-01 -1.20000000e-01  1.20000000e-01]
[INFO] [1621787006.353483, 918.917500]: /RL_client_10714_1621769015512got reward 0.35515495336717096
[INFO] [1621787006.356332, 918.917500]: /RL_client_10714_1621769015512got action [-0.06039806 -1.40182622 -0.70934718 -0.16238211  0.09121119 -0.05460638]
[INFO] [1621787006.366611, 918.917500]: /RL_client_10714_1621769015512begin service
(24,)
[INFO] [1621789040.579218, 919.658500]: /RL_client_10714_1621769015512got state [ 1.00000000e+00  7.94618083e-01  1.00000000e+00  9.68725243e-01
  1.00000000e+00  1.00000000e+00  3.12664344e-01  2.69257592e-01
  4.82258043e-01  5.90758674e-01  7.19980617e-01  7.33936916e-01
  6.83611373e-01  3.62336083e-01  2.46716039e-01  2.87793074e-01
  6.98926000e-04  8.50644927e-02  8.00000000e-02  3.41031867e-03
  6.98430269e-02  6.59935138e-02 -2.27995719e-02 -3.68118676e-02]
[INFO] [1621789040.585801, 919.658500]: /RL_client_10714_1621769015512got reward 106.7667655655503
[INFO] [1621789040.589761, 919.658500]: /RL_client_10714_1621769015512got action [-0.05311819 -1.3481205  -1.50770623 -0.3913161   0.38005471 -0.33773446]
total_rewards: 956.1377670913597
************ begin ************
[[ 3.57974262e-02  4.87889511e-02  4.10022576e-02  4.55755553e-01
   4.92712871e-01  5.99965378e-01  3.69365020e-02  5.08437407e+00
   6.05050446e-08  1.23820205e+00  7.00000000e+00  9.96836682e+02]
 [ 5.49656528e-03  7.01769856e-02 -8.00336250e-03  5.09300454e-01
   4.93997697e-01  5.19261236e-01  3.10243841e-02  5.90544847e+00
   1.48965480e-07  9.52876012e-01  5.00000000e+00  1.00431418e+03]
 [-1.08479112e-01 -9.90917882e-03 -5.41561656e-04  4.90078274e-01
   5.02898198e-01  4.52005844e-01  3.33383307e-02  4.53092181e+00
   5.89878240e-08  1.59651600e+00  8.00000000e+00  1.00098802e+03]
 [-6.33198990e-02  2.83489013e-02 -9.68545778e-03  5.06375580e-01
   4.67045105e-01  5.53354699e-01  5.06385220e-02  4.20259584e+00
   4.71802291e-08  1.36090113e+00  8.00000000e+00  9.23861320e+02]
 [ 4.34966064e-02  5.72804350e-03 -5.66228334e-03  4.85780499e-01
   5.06608384e-01  3.87189368e-01  4.66325240e-02  7.14018072e+00
   1.32685184e-07  7.83275670e-01  4.00000000e+00  9.07790025e+02]
 [ 2.11706188e-02 -5.39447691e-03  5.19890768e-02  5.03146827e-01
   4.76373268e-01  4.29974401e-01  3.33504638e-02  5.05378140e+00
   7.20409073e-08  1.12337554e+00  7.00000000e+00  9.24770598e+02]
 [-2.73703536e-02  1.66847707e-02  5.69643098e-02  5.03572404e-01
   5.01199855e-01  4.28642437e-01  8.99918365e-02  4.01205197e+00
   8.45798604e-08  1.31971270e+00  7.00000000e+00  9.81315190e+02]
 [-1.61407458e-02 -5.13341092e-03  2.83701182e-03  5.19735338e-01
   5.06402861e-01  4.06782423e-01  5.60303618e-02  4.72522195e+00
   1.03952602e-07  6.75546114e-01  4.00000000e+00  8.98747345e+02]
 [ 2.76983961e-02 -3.65369370e-02  2.16503236e-02  5.24103435e-01
   5.00642250e-01  4.11778360e-01  8.36386978e-02  6.54743587e+00
   3.10792094e-07  7.50779353e-01  4.00000000e+00  9.53758767e+02]
 [ 5.44157922e-02 -4.10055954e-02 -3.06085775e-02  5.10666409e-01
   5.14796724e-01  4.35482260e-01  1.22017573e-01  5.34558802e+00
   1.72137959e-07  9.63281390e-01  5.00000000e+00  9.42905120e+02]
 [-7.93578187e-02  4.02465316e-02  1.10743269e-01  4.81611560e-01
   4.95328087e-01  4.41833861e-01  1.58977144e-02  4.65570020e+00
   1.15259010e-07  6.65905711e-01  4.00000000e+00  8.79990634e+02]
 [ 1.58022032e-02  3.25006493e-03 -6.99452386e-03  4.89029017e-01
   5.13011192e-01  4.25562847e-01  5.06187267e-02  5.03254720e+00
   7.40219113e-08  1.50094814e+00  7.00000000e+00  1.00828833e+03]
 [-1.54885171e-02  5.73303363e-02  4.83955123e-02  4.77052905e-01
   4.76209776e-01  4.29894973e-01  1.45137971e-02  5.88854997e+00
   2.02747923e-07  7.69258627e-01  4.00000000e+00  9.75306181e+02]
 [-8.87306977e-02  3.25603228e-02 -7.03709520e-02  4.97117529e-01
   4.99101297e-01  5.86860688e-01  1.98421933e-02  6.32116062e+00
   6.14437045e-08  7.53193247e-01  4.00000000e+00  9.40442793e+02]
 [ 6.21872708e-03  2.72177079e-02  5.98698335e-02  5.28885782e-01
   4.77123890e-01  5.83195155e-01  2.09180267e-02  6.42516427e+00
   7.64609781e-08  1.01344148e+00  5.00000000e+00  9.75494521e+02]
 [-7.02850952e-02 -2.80172699e-02  9.87028559e-02  4.89269053e-01
   4.73857891e-01  5.83195155e-01  1.00000000e+00  3.72603674e+00
   7.64609781e-08  2.53543864e+00  1.30000000e+01  8.67200565e+02]
 [ 2.42707518e-02  1.20789095e-01 -1.57374646e-02  4.87159936e-01
   4.90586670e-01  4.29050191e-01  1.51466698e-02  5.30183077e+00
   8.83313105e-08  7.66088379e-01  5.00000000e+00  9.46987437e+02]
 [-1.16805901e-02 -1.36192056e-02  5.05820907e-02  4.87933759e-01
   4.59766113e-01  4.11769880e-01  2.31970599e-02  7.75684682e+00
   1.07669457e-07  9.46510266e-01  5.00000000e+00  9.58575686e+02]
 [-3.33484203e-02 -5.55793064e-02  6.82985411e-02  5.27387265e-01
   4.88016026e-01  4.35764145e-01  1.17797217e-02  4.64572422e+00
   7.52717509e-08  1.43816980e+00  7.00000000e+00  9.06091082e+02]
 [ 7.94842392e-02 -4.17919256e-02 -4.28522268e-02  5.07895733e-01
   4.87922103e-01  4.48368794e-01  1.54486062e-01  4.58744907e+00
   9.55138762e-08  2.19332485e+00  1.30000000e+01  9.56137767e+02]]
************ end ************

