2.771209900700408874e-02 7.961575236557006871e-03 4.808758117313878255e-01 4.979207641166584208e-01 3.177320238970000044e-01 4.606025635288766434e-02 0.000000000000000000e+00 1.154658796022610927e-07 3.306179410854658052e+00 3.000000000000000000e+00 3.981140943027879242e+00
9.929155872136198602e-03 3.032958566298545391e-02 4.680178319491883898e-01 4.839370371662461423e-01 2.981651732150000234e-01 2.355636568184565557e-02 0.000000000000000000e+00 1.089744868634164799e-07 3.306179410854658052e+00 3.000000000000000000e+00 4.092543028928449900e+00
2.264360132900247041e-02 5.810953105249755390e-02 5.168800560285181644e-01 5.078968018259804040e-01 3.022207836760000266e-01 1.629196029528066914e-02 0.000000000000000000e+00 1.061789199738910978e-07 3.306179410854658052e+00 3.000000000000000000e+00 4.115180013889137456e+00
-1.731148150845365557e-03 6.137879594485700502e-02 5.668144249301048099e-01 4.944231667929417928e-01 3.105387008520000269e-01 1.098204059917860104e-02 0.000000000000000000e+00 1.263596537588108525e-07 3.306179410854658052e+00 3.000000000000000000e+00 3.897388163755843848e+00
5.424331538880233783e-02 8.104311841268220518e-02 5.006711672001248337e-01 5.281200754493073912e-01 3.151148273509999931e-01 1.785592998047716429e-02 0.000000000000000000e+00 1.436336322529285009e-07 3.306179410854658052e+00 3.000000000000000000e+00 3.716342551200011890e+00
6.386279386577664585e-02 -1.170323814495242629e-02 4.971111353190368343e-01 4.969483946289306453e-01 3.048294483519999876e-01 1.974841964026980909e-02 0.000000000000000000e+00 1.084556367553076749e-07 3.306179410854658052e+00 3.000000000000000000e+00 4.082886790551484069e+00
7.022730786841560602e-02 -1.236941967871187965e-02 4.921004295631761782e-01 5.008710803262125255e-01 3.200822025869999865e-01 5.667540509519618241e-02 0.000000000000000000e+00 1.029022549531479896e-07 3.306179410854658052e+00 3.000000000000000000e+00 4.109645333017409641e+00
5.030363595400854509e-02 -3.619850686198736265e-03 5.089905846871417561e-01 4.860353117421979396e-01 3.076665054530000054e-01 2.552533838433012486e-02 0.000000000000000000e+00 1.130089582654194643e-07 3.306179410854658052e+00 3.000000000000000000e+00 4.031635134701089918e+00
1.805795447691762798e-02 -3.798418302534641890e-03 4.934015971805058021e-01 5.287521794768034189e-01 3.198336312599999731e-01 1.403314202826078452e-02 0.000000000000000000e+00 1.310367299314424344e-07 3.306179410854658052e+00 3.000000000000000000e+00 3.825424482451193597e+00
-1.680077295681893165e-02 -5.748793861937704502e-02 4.924663058045183894e-01 4.752357800473742122e-01 3.100926583670000070e-01 1.239892945956892409e-02 0.000000000000000000e+00 1.128428026672318306e-07 3.306179410854658052e+00 3.000000000000000000e+00 4.010456709716318180e+00
-4.232375287499282740e-02 -3.989351862052974151e-02 5.157681354273330188e-01 4.603598296447287130e-01 3.218995722549999883e-01 3.027464345229043119e-02 0.000000000000000000e+00 9.592493572526889999e-08 3.306179410854658052e+00 3.000000000000000000e+00 4.163858921119070189e+00
-4.758947277665053627e-03 -6.086043359893903576e-02 5.104843555773119768e-01 4.993227683962329078e-01 3.120963681980000182e-01 8.966717494478738254e-03 0.000000000000000000e+00 1.175056400991091128e-07 3.306179410854658052e+00 3.000000000000000000e+00 3.978849880961185637e+00
-2.081581512504393147e-02 3.134594793585909062e-02 4.871633213346006075e-01 4.797583887085603016e-01 2.918434950630000024e-01 2.599836517887813003e-02 0.000000000000000000e+00 1.001901619047820001e-07 3.306179410854658052e+00 3.000000000000000000e+00 4.182203762235694455e+00
7.529128002917129248e-02 -5.657165904144755703e-02 4.621686437424618599e-01 5.052327469531019410e-01 3.171132306289999869e-01 1.264436295991894048e-02 0.000000000000000000e+00 1.008853342231695312e-07 3.306179410854658052e+00 3.000000000000000000e+00 4.117472195495872178e+00
8.573341399493424053e-02 2.067366660359683597e-02 4.941098030761066351e-01 4.797916503008069489e-01 3.231359803239999828e-01 1.049501967209611440e-02 0.000000000000000000e+00 1.333560500675889304e-07 3.306179410854658052e+00 3.000000000000000000e+00 3.780693074306555879e+00
-1.498715121393492423e-02 2.121559383639640139e-02 4.965487326950182023e-01 5.067169053784189581e-01 6.592071278059999928e-01 4.242460564979133042e-01 0.000000000000000000e+00 6.919834610625078696e-08 3.306179410854658052e+00 3.000000000000000000e+00 3.763063415010153623e+00
2.733501064850755351e-04 -4.224723471968898358e-02 5.005002969106192579e-01 5.249555165003390034e-01 3.141599478680000002e-01 1.367003868335215679e-02 0.000000000000000000e+00 1.316085296211627275e-07 3.306179410854658052e+00 3.000000000000000000e+00 3.826000263788064792e+00
-3.188942340718497331e-02 -6.527092958185200244e-02 5.035012834369606560e-01 5.153534275396255415e-01 3.064956675100000139e-01 1.110247207903055852e-02 0.000000000000000000e+00 1.058298728572516728e-07 3.306179410854658052e+00 3.000000000000000000e+00 4.099917222306712183e+00
