6.732936237281773872e-02 -6.566110923497073260e-02 1.298668331508954880e-02 4.869592535392984201e-01 4.945380537032632584e-01 0.000000000000000000e+00 3.154598859983668430e-02 5.924986366538594673e+00 0.000000000000000000e+00 1.523123417673717395e+00 1.300000000000000000e+01 7.884470385357399209e+02
2.199880565098436339e-02 -1.938561003709408925e-02 -3.055636147315125145e-02 4.934178586782796416e-01 4.891921037777331449e-01 0.000000000000000000e+00 2.440019465614294558e-02 6.744166130282859051e+00 0.000000000000000000e+00 1.220376785721115631e+00 1.300000000000000000e+01 7.492653962791707727e+02
1.489199591972099716e-02 1.077740361861366514e-02 9.923427792372782608e-02 5.168754567083514440e-01 4.708982245530528576e-01 0.000000000000000000e+00 7.823516135960249807e-02 4.495291577897815749e+00 0.000000000000000000e+00 1.120392424142290677e+00 1.300000000000000000e+01 7.082757598905153600e+02
3.652209375381168521e-02 -2.919810586212015155e-02 8.509968886120237996e-02 4.893544433125130433e-01 5.233348267424935418e-01 0.000000000000000000e+00 5.369798464742688709e-02 6.472060633429634002e+00 0.000000000000000000e+00 1.083547981146731676e+00 1.300000000000000000e+01 7.636384337015824713e+02
-1.538877798454442447e-02 1.622469604998760459e-02 3.128779588567867122e-03 5.205409098506688093e-01 4.991035301223511467e-01 0.000000000000000000e+00 2.277815287454214993e-02 7.353830944762524524e+00 0.000000000000000000e+00 1.567154149757938875e+00 1.300000000000000000e+01 7.820093062192836442e+02
-3.754567075950590582e-02 -4.307579549339639324e-02 -4.165450985775112636e-02 5.320279977878146216e-01 5.224387754605630541e-01 0.000000000000000000e+00 1.125528367522140305e-01 3.757937009396036032e+00 0.000000000000000000e+00 7.654265135647898566e-01 1.300000000000000000e+01 5.613674828895685778e+02
-2.725541661552618664e-02 1.917785959247374217e-02 -8.153117049118764267e-03 4.960006110372673360e-01 5.280442565962989443e-01 0.000000000000000000e+00 7.967727567286439494e-02 6.087803639949122214e+00 0.000000000000000000e+00 1.302552569212900080e+00 1.300000000000000000e+01 7.452866290478871178e+02
1.709456858447534451e-03 -9.079704645274953856e-02 3.063485885747631397e-03 4.922253079149623844e-01 5.185588597446860737e-01 0.000000000000000000e+00 6.401514239770446368e-02 6.211596806819643213e+00 0.000000000000000000e+00 1.270828493043617335e+00 1.300000000000000000e+01 7.548106978708868837e+02
8.595506458881210787e-02 5.468960102783231719e-03 1.582394640325269792e-03 4.768107238401190218e-01 4.811127476195771746e-01 0.000000000000000000e+00 8.262152488478891055e-02 5.407352297795927853e+00 0.000000000000000000e+00 8.621204052538090634e-01 1.300000000000000000e+01 6.746032066185583744e+02
5.319253882953756118e-02 8.480163119554228260e-03 5.338794064035889964e-02 5.282233121568428169e-01 4.939914991368620223e-01 0.000000000000000000e+00 2.911363044712714232e-02 3.361563188109884859e+00 0.000000000000000000e+00 6.303929184801997376e-01 1.300000000000000000e+01 5.817134587672759380e+02
1.386071073008381680e-03 9.784490170909153003e-03 -4.988088695999189602e-03 5.089771555720913332e-01 5.067774936989773993e-01 0.000000000000000000e+00 1.186716016194058199e-01 5.126774047625845654e+00 0.000000000000000000e+00 1.182985143244335902e+00 1.300000000000000000e+01 7.675875548688852632e+02
4.182646008637620066e-02 -1.415716714953528521e-02 -4.626076591534668270e-02 5.090324574275643110e-01 5.011277721923806938e-01 0.000000000000000000e+00 3.699195514245725430e-02 8.039680643519346859e+00 0.000000000000000000e+00 7.796421517543736801e-01 1.300000000000000000e+01 8.116970214636439778e+02
7.285268558067121286e-04 -2.583997817996371363e-02 -1.061332903018754187e-01 4.798716685776838187e-01 4.907650642881855041e-01 0.000000000000000000e+00 5.508092579318134285e-02 6.500964673106448544e+00 0.000000000000000000e+00 1.093840949663552609e+00 1.300000000000000000e+01 7.306663407878727412e+02
-4.186501189564204028e-02 -3.103100679031142381e-02 -1.594428725226419014e-02 5.142320453061708374e-01 4.791195814816979759e-01 0.000000000000000000e+00 3.816638896178298906e-02 6.716387066250129045e+00 0.000000000000000000e+00 1.494542457776386835e+00 1.300000000000000000e+01 7.847765909520778678e+02
-9.161743630655982962e-02 -3.887252465175750071e-02 8.860580075728641952e-03 4.909739239847617509e-01 5.155093399231341911e-01 0.000000000000000000e+00 4.780886145813953436e-02 6.509736910114455988e+00 0.000000000000000000e+00 1.100540799981769124e+00 1.300000000000000000e+01 7.308340699851987665e+02
2.487849734909950913e-02 5.859865171034180087e-02 -1.279630145452008427e-02 4.631031527145730853e-01 5.310291096441740466e-01 0.000000000000000000e+00 4.554565295499570649e-02 6.196507145688179286e+00 0.000000000000000000e+00 1.360411711791495559e+00 1.300000000000000000e+01 7.605196575472915583e+02
6.337440064256377736e-02 6.691880040248411599e-02 -2.319510920793261405e-02 5.084672443613895698e-01 4.881459732012971009e-01 0.000000000000000000e+00 4.615017183735360684e-02 6.233898150259167714e+00 0.000000000000000000e+00 1.615333455413954677e+00 1.300000000000000000e+01 7.788885292131886899e+02
1.745338520497900087e-02 -4.492346345313396293e-03 -5.404245419488110276e-03 5.453004538237731236e-01 4.698563177861064255e-01 0.000000000000000000e+00 3.063252328409185599e-01 4.391451865523023912e+00 0.000000000000000000e+00 7.948172212940333159e-01 1.300000000000000000e+01 6.826989851450060769e+02
-1.915285370984242536e-03 9.928889489913864108e-02 3.415196355346352547e-02 4.932725901784694167e-01 4.961967520756707106e-01 0.000000000000000000e+00 1.727151423054954990e-02 6.121465339923723548e+00 0.000000000000000000e+00 1.125037766637445369e+00 1.300000000000000000e+01 7.089025037282406174e+02
-3.908773280207515632e-02 -3.978942130422123691e-02 3.237169013141045354e-02 5.089204834284670742e-01 5.104436027683566524e-01 0.000000000000000000e+00 2.975115649739429671e-02 6.678185325452385079e+00 0.000000000000000000e+00 1.368071050478512962e+00 1.300000000000000000e+01 7.553681250133369076e+02
