-1.246147277768562718e-02 1.318778020895770668e-02 4.887471879160264487e-01 5.128898955556930872e-01 2.297870000000000190e-01 6.242100726323662058e-02 3.778756478014977382e+00 8.450624062818523186e+00 4.000000000000000000e+00 8.717331635974812087e+00
-4.093166406891532699e-04 -4.839464815568139677e-02 5.308060545928592333e-01 5.086071135406315946e-01 2.505494999999999806e-01 4.582660142129762332e-02 3.398838680889371133e+00 8.450624062818523186e+00 4.000000000000000000e+00 8.742677364508871563e+00
-1.246358163095873800e-02 3.477718605447990136e-02 4.873055493068533250e-01 4.623806498608297177e-01 2.691374999999999740e-01 3.644293767925232963e-01 3.286107386148933607e+00 8.450624062818523186e+00 4.000000000000000000e+00 8.714291057761400339e+00
4.647793768722273400e-02 -6.047612135196400035e-02 5.074232999380474674e-01 4.974531800661629033e-01 2.217724999999999835e-01 3.919705063892500035e-02 3.716288840890970668e+00 8.450624062818523186e+00 4.000000000000000000e+00 8.631584252786559830e+00
-6.850285699588319621e-02 -3.562746136314217521e-02 5.050816531839633639e-01 4.800509060326341726e-01 2.410069999999999990e-01 6.415709596839808126e-02 3.748731739013400954e+00 8.450624062818523186e+00 4.000000000000000000e+00 8.713066629521421191e+00
4.992195920256713160e-02 3.171084154392198040e-02 5.031861582063129612e-01 4.769116052367420311e-01 2.111534999999999940e-01 2.649742000156224409e-02 3.508389488540131218e+00 8.450624062818523186e+00 4.000000000000000000e+00 8.695268362498151049e+00
-9.311413515447225855e-03 -2.887831430204923500e-02 4.869756636672723515e-01 5.005464918966668897e-01 2.352825000000000055e-01 8.519996207539795585e-02 3.920492380158385082e+00 8.450624062818523186e+00 4.000000000000000000e+00 8.725935085970675686e+00
2.247972905261741428e-02 -3.405622213103242507e-02 5.128524775184268858e-01 5.114594535735486058e-01 2.183315000000000117e-01 5.155456828852331835e-02 3.315860790581275808e+00 8.450624062818523186e+00 4.000000000000000000e+00 8.600821017377503708e+00
-1.415839111081530766e-01 1.568235478808929426e-02 5.170795630852590419e-01 4.861603286822682168e-01 2.467219999999999969e-01 1.331304540441446971e-01 3.853029946708717013e+00 8.450624062818523186e+00 4.000000000000000000e+00 8.749755938381362341e+00
2.996564535123389522e-02 1.857540422392863974e-02 4.898623115756004509e-01 5.055196909515807802e-01 2.251279999999999948e-01 5.874443359777635487e-02 3.340755205551343643e+00 8.450624062818523186e+00 4.000000000000000000e+00 8.683864763042107526e+00
3.810534028381824811e-02 2.324854783375677645e-04 5.092328040609592765e-01 4.883666256033775133e-01 2.096975000000000089e-01 5.345899983465623312e-02 3.224482347976109331e+00 8.450624062818523186e+00 4.000000000000000000e+00 8.680658144650305275e+00
5.083822304932777286e-02 1.218900962754805410e-02 4.952715815737549487e-01 5.156445157705190629e-01 2.212490000000000012e-01 2.582631384321200721e-02 3.853228845451771356e+00 8.450624062818523186e+00 4.000000000000000000e+00 8.628535112888883418e+00
1.865432866719419699e-02 -2.159997481458334877e-03 5.303546017407024804e-01 5.312880333473799510e-01 2.124999999999999944e-01 7.156069898683670161e-02 2.954150782676269849e+00 8.450624062818523186e+00 4.000000000000000000e+00 8.658906442376782309e+00
8.475763883676613528e-03 -2.498872786745726104e-02 5.212051714116651135e-01 5.116662036895429644e-01 2.168535000000000046e-01 6.042017166082479934e-02 3.274092725577464336e+00 8.450624062818523186e+00 4.000000000000000000e+00 8.685869815206970657e+00
-1.591765374566985747e-01 1.533718943066001705e-01 5.103304861813953153e-01 5.267544087776280248e-01 2.353490000000000026e-01 8.076393119050839786e-02 3.274672534357830234e+00 8.450624062818523186e+00 4.000000000000000000e+00 8.693509979111247787e+00
-2.799078329902126086e-02 1.474340203037361255e-02 5.165836486662872540e-01 5.119535351925635913e-01 2.458535000000000026e-01 4.269712050493248978e-02 3.249010777961387930e+00 8.450624062818523186e+00 4.000000000000000000e+00 8.730256322188395757e+00
3.610874012944727957e-02 6.140200376719097408e-02 4.808359389276548601e-01 5.032312980016305781e-01 2.351165000000000060e-01 6.669642193659376661e-02 3.420693824474389189e+00 8.450624062818523186e+00 4.000000000000000000e+00 8.727822814256409600e+00
-6.767317473947835615e-02 1.531726288138902242e-02 5.242367420123966726e-01 5.197443273787532014e-01 2.262149999999999994e-01 4.501704159021586299e-02 3.345641102366504693e+00 8.450624062818523186e+00 4.000000000000000000e+00 8.712466202761916634e+00
